7700902432
7498069303
9082946043
9527707014
7385197195
8379897987
7410789442
9921619677
8087626509
7020721396
7620548222
9022877398
8766979508
8805734338
8788443234
9021337431
7385065348
9922800719
8485858972
8975892656
9923129195
8071649348
7588370893
7588875903
9673304392
9421089564
8071326835
9422468386
7942728451
9922270923
8087331985
8071326817
2382220722
9049878181
8149702171
9764641464
9028666863
9881850803
7337802364
9822614955
9764299992
8879060749
9685818181
9421364907
9921032914
8766745923
8087422239
8037839451
9822694670
9922737517
9096811357
9423720894
8424819819
9763652075
8888511770
9960667027
9823093910
7262241244
8830058055
9403319668
8600290914
9422180318
9970057220
9096797040
8806089854
7020713609
9022454635
9689330191
8767229709
8483884274
8806905257
9850185140
9922215329
8830996657
7888227117
7972229495
8830916188
9421271925
9403239334
8799902232
9860239630
8459875338
7030765155
7083932432
7709347071
9697701430
7774901225
8081095870
9309823262
9588696002
8830986798
9370388350
9545119224
7058224435
9960452994
8308586073
9370724950
9325549446
8087491676
9423766924
9970774731
7447876255
7776081437
9370325886
9766552064
7869684546
8898503403
2148350000
9594840462
7045336144
2269246500
7400388971
8779102007
9167847920
8602101000
2227457171
9109024791
8867181100
8068172518
9920399334
7626865686
7977424851
8976868346
8369022360
9769506070
9920090552
7021215645
9702887803
8286693660
8082758855
8433552535
9773777750
7350056117
8652712435
7777028999
9870815333
8355892201
9820114737
8169508494
8828823337
9619260006
9969066101
7021239838
7021635349
8286351172
9892805777
9324568953
9004210465
8108012697
9224711999
9112242612
9833351282
8976707535
7666841397
8108831372
9594066363
9892727145
7385530889
8007480074
9421134326
9767777057
8291144643
7506533292
8071331347
8793012103
8828283833
2268381900
9969343832
9892959442
9867386994
2261536700
9820013001
9833503728
8928857352
7039121520
9322291519
9820999886
9870688130
9833060786
8898986730
9167865086
9920100150
9892292555
7232053816
9966963978
2246620881
8097586466
8291151787
2242956000
9619135223
9773527277
9076141786
8369179255
8097522733
2226342326
7977589396
8369665795
7303882923
9821463786
9896827727
8591874231
9870786286
9594613891
8454988785
9819237064
8062913004
9769167340
2266804545
9819387120
8828709945
9987979399
9920160941
9833152986
7417179999
7208527252
8169081086
9214330529
9022233249
9405564424
8149784699
7276041111
9158781420
9561694898
9423123023
8208382817
7588773796
9130093309
9764617101
8037394862
9421694316
9146932022
9029020210
9028172055
9922331565
9371455884
9422220555
9527938280
9322602091
9511765840
9422736514
9423378646
9172658928
9518925335
9139530325
8600139188
8291032824
9767874647
7322927171
9823011008
0121456789
9226106472
9822745400
8888819345
9689723330
9822015139
9850444222
9767777141
9922643237
9767755656
2112225796
8390908497
9970466298
8788649925
9021870937
9823751117
7972557042
9823242478
9881981843
9960660010
9359440611
9822858643
9673772626
9970072323
9819382909
9890322087
9130294344
8600721107
8793501216
9607278546
8421760665
8390515955
8080067363
6397217978
9850399600
8888695483
7396634276
9975305230
8007992698
8857097072
9921000004
9561094994
2112298485
9225327760
9421710196
2228451022
9892292042
7020004180
7058818757
9168390439
9511940698
9881020651
9975221005
8380084542
9890515906
9975837575
8080121250
7020680872
8862089006
9767052466
2112223275
9602644174
9694650490
9011085925
9112849595
8071498315
9168814350
8657589608
8291444974
9921038070
9373299000
7744943096
9930959745
9881537868
7738700949
7249423394
7030116116
8446366077
9920213581
9156653011
7888005452
7276229283
9822359841
9322095205
9822272244
9372067878
8010472779
8956575365
9371028078
8888687662
7378361828
9923128126
9545943171
7888254255
9623850850
9819546867
9284456792
9021477904
2572225720
2367245475
9921791324
7434015555
7796039991
8657513287
8007076042
9403312744
7058732684
9404300768
8169425673
8888077877
8268460280
7045460101
8779401499
8806669841
7208338373
9594232366
9372322653
9833077504
9822314532
8554802951
9929065229
9822570291
9823888462
9769070704
8591500160
9049773333
8380090051
8380996674
8071640569
9970098877
9226875789
8605211443
9225779690
7507335689
8278181335
9813777380
9607028585
9768133661
9503361983
7021878102
1800224344
2140263431
9028539931
7314499397
7756893928
8090897769
7411759677
8860555430
9881558180
9156711619
9022211264
8975025011
9172742957
9822738613
9820473544
7058353509
7020351886
0057267864
7020677443
8830336505
8421096527
8888820741
7887617190
9423612198
9146990142
9975329777
9370501602
8766904703
9112345526
7350404498
7743983382
9765232000
9359307863
9404889849
8421091439
9890822144
7249010606
9422923079
9822221211
7232244287
9763787868
7499617152
7798555477
9325185971
9834433754
9637333444
9405476454
9090899091
9511714890
9763936393
9011703459
8983710813
8624888892
9527490190
8605013437
9021274972
8446650006
7499772128
9356872814
9763982923
7620582398
8975664084
8830584379
9011490608
7709621017
7397858631
8482976107
9699796322
8080503737
7588800021
8007374123
9867738315
8652031954
9767080714
8484815353
9819808364
9823562926
9422798042
9373104142
8262006648
8983646403
9890236231
8380074555
8956770162
9421269827
9422998552
9421145845
7498071365
8554045317
9653660938
7020571360
7378876809
7448002020
8169627296
9422998248
9545998413
8788880560
9420206464
8275366136
9158597966
9423282191
9175406764
7304793255
9689925780
9890709448
9772051575
9890823239
9021260148
7666911057
8928658161
9284078235
9552125060
7744051146
8855808245
9096628180
9923164828
7588462213
9422381336
9071348273
9404344434
9730439366
9405765154
7083574221
9137483683
9422357455
9923639279
9421144537
8550920717
9527501067
9766006667
9673964148
9403558123
7039029765
9890830701
8308515776
9403348206
8087855174
9422238308
9404743030
8830782671
8390351212
9422484627
8291602205
9665701199
9834255464
9405747760
8007635087
9970373465
9422584550
8485010898
9021105842
9420258599
9823775111
9422434515
7219816947
8071326849
7030529404
2118266020
9890252312
9607772227
8668952193
9970443424
9423251651
9823031492
8087565852
7756952876
9309206736
8698806250
9822701042
8411811011
9028433000
9867348883
7218662473
9561919019
9323827777
9321111112
9405237704
9762061555
7888273993
9565034594
9561754486
9648424256
8788987473
9279510217
8048091386
9029992413
9763734847
2224111176
8828438018
7057054071
7385350927
8446238586
7021012729
8062416304
7775802232
8624870786
7972667261
9763578619
9767104858
9552968972
9930257393
9850980530
9226276201
9326968878
7385815700
9158551144
8605060111
9765610862
9860617520
9326538895
