7700902432
7498069303
9082946043
9527707014
7385197195
8379897987
7410789442
9921619677
8087626509
7020721396
7620548222
9022877398
8766979508
8805734338
8788443234
9021337431
7385065348
9922800719
8485858972
8975892656
9923129195
8071649348
7588370893
7588875903
9673304392
9421089564
8071326835
9422468386
7942728451
9922270923
8087331985
8071326817
2382220722
9049878181
8149702171
9764641464
9028666863
9881850803
7337802364
9822614955
9764299992
8879060749
9685818181
9421364907
9921032914
8766745923
8087422239
8037839451
9822694670
9922737517
9096811357
9423720894
8424819819
9763652075
8888511770
9960667027
9823093910
7262241244
8830058055
9403319668
8600290914
9422180318
9970057220
9096797040
8806089854
7020713609
9022454635
9689330191
8767229709
8483884274
8806905257
9850185140
9922215329
8830996657
7888227117
7972229495
8830916188
9421271925
9403239334
8799902232
9860239630
8459875338
7030765155
7083932432
7709347071
9697701430
7774901225
8081095870
9309823262
9588696002
8830986798
9370388350
9545119224
7058224435
9960452994
8308586073
9370724950
9325549446
8087491676
9423766924
9970774731
7447876255
7776081437
9370325886
9766552064
7869684546
8898503403
2148350000
9594840462
7045336144
2269246500
7400388971
8779102007
9167847920
8602101000
2227457171
9109024791
8867181100
8068172518
9920399334
7626865686
7977424851
8976868346
8369022360
9769506070
9920090552
7021215645
9702887803
8286693660
8082758855
8433552535
9773777750
7350056117
8652712435
7777028999
9870815333
8355892201
9820114737
8169508494
8828823337
9619260006
9969066101
7021239838
7021635349
8286351172
9892805777
9324568953
9004210465
8108012697
9224711999
9112242612
9833351282
8976707535
7666841397
8108831372
9594066363
9892727145
7385530889
8007480074
9421134326
9767777057
8291144643
7506533292
8071331347
8793012103
8828283833
2268381900
9969343832
9892959442
9867386994
2261536700
9820013001
9833503728
8928857352
7039121520
9322291519
9820999886
9870688130
9833060786
8898986730
9167865086
9920100150
9892292555
7232053816
9966963978
2246620881
8097586466
8291151787
2242956000
9619135223
9773527277
9076141786
8369179255
8097522733
2226342326
7977589396
8369665795
7303882923
9821463786
9896827727
8591874231
9870786286
9594613891
8454988785
9819237064
8062913004
9769167340
2266804545
9819387120
8828709945
9987979399
9920160941
9833152986
7417179999
7208527252
8169081086
9214330529
9022233249
9405564424
8149784699
7276041111
9158781420
9561694898
9423123023
8208382817
7588773796
9130093309
9764617101
8037394862
9421694316
9146932022
9029020210
9028172055
9922331565
9371455884
9422220555
9527938280
9322602091
9511765840
9422736514
9423378646
9172658928
9518925335
8888284685
7796011728
9860886003
9823560111
7385824555
7304017777
9404604999
9823046271
9923203607
8390664848
9823436424
8002660123
9422378592
9552515015
9146656356
9890491245
9702493694
7020843099
7304085292
7709068469
9422375600
7249252132
2352229517
8830836787
7385926100
9769886555
9420378878
9172861979
8390010050
9765014492
9403350213
9423819224
9422381264
7290055258
2365252390
7835072670
7738864616
9403838469
9822147743
9423831700
2355260233
8390010060
9271145816
7972074709
9588475667
7447448966
9822111880
9890236231
8149905108
9225327760
9421710196
2228451022
9892292042
9021477904
9850399600
2572225720
7020004180
2367245475
9921791324
7434015555
7796039991
8657513287
8007076042
9403312744
7058732684
9404300768
8888687662
7020677443
8830336505
8421096527
8888820741
7887617190
9423612198
9146990142
9975329777
9370501602
8766904703
9112345526
7350404498
7743983382
9765232000
9359307863
9404889849
8421091439
9890822144
7249010606
9422923079
9822221211
7232244287
9763787868
7499617152
7798555477
9325185971
9834433754
9637333444
9405476454
9090899091
9511714890
9763936393
9011703459
8983710813
8624888892
9527490190
8605013437
9021274972
8446650006
7499772128
9356872814
9763982923
7620582398
8975664084
8830584379
9011490608
7709621017
7397858631
8482976107
9699796322
8169425673
8080503737
7588800021
8007374123
9867738315
8652031954
9767080714
8484815353
9819808364
9823562926
9422798042
9373104142
8262006648
8983646403
8380074555
2363272775
2363272130
7769964703
9011870020
9834245301
9420709965
8828391551
7709057951
8446858446
7798876391
9561682504
9820596790
7715884999
9324482017
9763578619
9820491179
9930104994
9049166667
9510959549
8976254178
8208281366
2194235416
7218141119
8080104891
8983216910
9922327327
9112233669
9588643311
8898004112
9049049610
9167384713
9582467430
9579078070
8080888008
9146887673
9136176204
9921219446
7276666887
9225346445
9673765436
8037394880
9987172175
9860897170
9130096760
2114272996
8045478646
7020214629
2268713200
2227635001
9975534242
8668546391
9665409393
9970387895
9096434160
9881025810
9604879524
9319486203
8888689347
9172513064
9970451145
9657484034
9967180664
9930240311
9341932874
7276191885
9769278070
7400332472
9867121681
9137523415
8047362908
9029561794
2265010263
9702291226
7045454555
8080734488
9137713175
9657602020
2114302254
8291572887
9136661220
8788848759
9822571404
8275840041
9067251670
9049524045
8149431234
8177802487
8149802066
9371571511
2472224425
8291113299
7977618632
9930670044
7506020102
9870738728
8069798999
9833695447
9594451155
2225920055
8668989679
7977004548
9321113345
9969436414
9869309374
9920265656
9820212876
9696152009
9022076534
9820445141
9172140868
9137273838
8071963622
8767275275
7666120979
9821014538
9004314877
9819194959
9833139219
2261215005
9167123296
9769935182
8779374761
9967833333
7977181137
9769318387
2226830600
9820107078
8097853110
7942728995
8080510893
2225914400
9987954730
8454925555
9321759685
7977426230
9819061287
9136416123
9321538889
8689876983
2226733440
2141223299
2265007003
9685935255
7229932000
9769636098
2226733700
9137335321
9372788011
8291235809
2249726161
8382914882
8369740702
2226732841
7506346896
9980655944
9769503204
9619958615
7558658802
8979324100
7899306662
9768748842
8828066570
8850258508
9967800049
7208975360
9082465581
7400462870
9704081113
2267411382
8591885077
7838553736
9004672311
9769920320
9892082432
8104966517
8000593488
8104170208
7403999333
2265855523
8779478388
2226744451
2242645678
9892939970
9821470822
8421177887
8433931197
9920729218
9137295705
7715024672
9372980740
7738926768
8108816678
8591449560
9326079122
8779255485
2228122639
8097104132
9821139702
7021082448
9825233988
7021550983
9930745569
9930281513
9987543208
7977063727
8591624005
9137226252
9920404072
9892915552
9320007779
8828760625
9324061804
8071963630
8828120050
9561115497
9920342897
9152305553
8286357171
9372726920
7977037145
8652263148
7433855259
9324293672
9920582015
9699942942
8433644227
7779998347
9322510461
7738890455
7559326351
9220524649
8169080394
8087122628
9370085286
2503299914
9028958299
7039149577
7971266444
8070777755
9960723923
8062914169
9421493470
9921223188
7821061609
8421775269
9552006804
9373456899
9823538835
9823154470
8069865821
9860188483
7823899285
8698540424
9322150699
9822785924
9823178999
9921123444
8625936009
9623349680
8934523329
9552288555
9657993337
7499084399
7507249334
8001235365
9822461023
2452225075
7276120832
8600406440
9075549666
8069857830
8750786660
7559272209
7208841119
9167115524
9969251567
7385302637
8421110703
9167193540
7666616622
7517445588
9049504059
8657858138
7276022092
8070777722
8007724258
9156475372
8655252402
7558438102
9029537707
8793318837
9922767840
8045475853
7045178019
9321903999
7045016543
8956541229
8421106076
9730149416
9226272685
7620708719
9810311954
9869009449
9004550601
8433594448
9222178951
9920280605
7506953202
