7700902432
7498069303
9082946043
9527707014
7385197195
8379897987
7410789442
9921619677
8087626509
7020721396
7620548222
9022877398
8766979508
8805734338
8788443234
9021337431
7385065348
9922800719
8485858972
8975892656
9923129195
8071649348
7588370893
7588875903
9673304392
9421089564
8071326835
9422468386
7942728451
9922270923
8087331985
8071326817
2382220722
9049878181
8149702171
9764641464
9028666863
9881850803
7337802364
9822614955
9764299992
8879060749
9685818181
9421364907
9921032914
8766745923
8087422239
8037839451
9822694670
9922737517
9096811357
9423720894
8424819819
9763652075
8888511770
9960667027
9823093910
7262241244
8830058055
9403319668
8600290914
9422180318
9970057220
9096797040
8806089854
7020713609
9022454635
9689330191
8767229709
8483884274
8806905257
9850185140
9922215329
8830996657
7888227117
7972229495
8830916188
9421271925
9403239334
8799902232
9860239630
8459875338
7030765155
7083932432
7709347071
9697701430
7774901225
8081095870
9309823262
9588696002
8830986798
9370388350
9545119224
7058224435
9960452994
8308586073
9370724950
9325549446
8087491676
9423766924
9970774731
7447876255
7776081437
9370325886
9766552064
7869684546
8898503403
2148350000
9594840462
7045336144
2269246500
7400388971
8779102007
9167847920
8602101000
2227457171
9109024791
8867181100
8068172518
9920399334
7626865686
7977424851
8976868346
8369022360
9769506070
9920090552
7021215645
9702887803
8286693660
8082758855
8433552535
9773777750
7350056117
8652712435
7777028999
9870815333
8355892201
9820114737
8169508494
8828823337
9619260006
9969066101
7021239838
7021635349
8286351172
9892805777
9324568953
9004210465
8108012697
9224711999
9112242612
9833351282
8976707535
7666841397
8108831372
9594066363
9892727145
7385530889
8007480074
9421134326
9767777057
8291144643
7506533292
8071331347
8793012103
8828283833
2268381900
9969343832
9892959442
9867386994
2261536700
9820013001
9833503728
8928857352
7039121520
9322291519
9820999886
9870688130
9833060786
8898986730
9167865086
9920100150
9892292555
7232053816
9966963978
2246620881
8097586466
8291151787
2242956000
9619135223
9773527277
9076141786
8369179255
8097522733
2226342326
7977589396
8369665795
7303882923
9821463786
9896827727
8591874231
9870786286
9594613891
8454988785
9819237064
8062913004
9769167340
2266804545
9819387120
8828709945
9987979399
9920160941
9833152986
7417179999
7208527252
8169081086
9214330529
9022233249
9405564424
8149784699
7276041111
9158781420
9561694898
9423123023
8208382817
7588773796
9130093309
9764617101
8037394862
9421694316
9146932022
9029020210
9028172055
9922331565
9371455884
9422220555
9527938280
9322602091
9511765840
9422736514
9423378646
9172658928
9518925335
7208889172
8805119661
9820299998
9833866192
9403047433
8898353866
9422435683
9421189726
9130637765
9420038389
8766402022
9421456373
7720090046
9422436922
8275390909
9588617132
9987653909
8655792295
9730689812
9049660550
7387211052
9371126848
9421146397
7387778067
9423923613
9579262635
9860028983
8262957565
8999119413
9819093663
9422863785
7588800021
9324765292
8421253609
9579302206
7038867649
7387951881
9820617179
9960251409
7358624308
8976441490
9404740022
8693866767
8552982301
8983446480
7588809159
9423251804
2365252390
2362350200
9225327760
9421710196
2228451022
9892292042
9021477904
9850399600
2572225720
7020004180
2367245475
9921791324
7434015555
7796039991
8657513287
8007076042
9403312744
7058732684
9404300768
8888687662
7020677443
8830336505
8421096527
8888820741
7887617190
9423612198
9146990142
9975329777
9370501602
8766904703
9112345526
7350404498
7743983382
9765232000
9359307863
9404889849
8421091439
9890822144
7249010606
9422923079
9822221211
7232244287
9763787868
7499617152
7798555477
9325185971
9834433754
9637333444
9405476454
9090899091
9511714890
9763936393
9011703459
8983710813
8624888892
9527490190
8605013437
9021274972
8446650006
7499772128
9356872814
9763982923
7620582398
8975664084
8830584379
9011490608
7709621017
7397858631
8482976107
9699796322
8169425673
8080503737
8007374123
8956770162
9421269827
9422998552
9421145845
7498071365
8554045317
9653660938
7020571360
7378876809
7448002020
8169627296
9422998248
9545998413
8788880560
9420206464
8275366136
9158597966
9423282191
9175406764
7304793255
9867738315
8652031954
9767080714
8484815353
9819808364
9823562926
9422798042
9373104142
8262006648
8983646403
9890236231
8380074555
9689925780
9890709448
9772051575
9890823239
9021260148
7666911057
8928658161
9284078235
9552125060
7744051146
8855808245
9096628180
9923164828
7588462213
9422381336
9071348273
9404344434
9730439366
9405765154
7083574221
9137483683
9422357455
9923639279
9421144537
8550920717
9527501067
9766006667
9673964148
9403558123
7039029765
9890830701
8308515776
9403348206
8087855174
9422238308
9404743030
8830782671
8390351212
9422484627
8291602205
9665701199
9834255464
9405747760
8007635087
9970373465
9422584550
8485010898
9021105842
9420258599
9823775111
9422434515
7219816947
8071326849
7030529404
2118266020
9890252312
9607772227
8668952193
9970443424
9423251651
9823031492
8779401499
8087565852
9324077777
9168682255
9422142685
7387871144
9763796456
9422915325
9423765775
9689056056
9623936236
8208553737
8044939040
9673493593
9921508835
9527682266
9422200021
9834699694
9552831132
9881007999
8180067423
7769064991
9764240255
9767426907
9822216804
9158736659
9168494499
9175332399
9423144385
9975492244
9503973367
2224222726
8380888555
9822771653
9096635201
7841944606
9822234676
9960400420
8044939052
7507666113
9326207878
9405943394
9422959613
9423611510
9623666315
8421588012
9503844044
7620431175
7350000233
8668313968
8007468246
8080949941
9923023888
8804494949
9767631680
7767858972
9881238808
8044939050
9284008858
9823926633
9545634009
9607487800
9112233669
9422433447
7972964928
8806749322
8046074066
8460455660
9049627181
8934523329
9529109854
9423480126
9665390490
9921075377
2442222907
9579908399
9527815151
8888233232
7391095320
7499001255
9168149999
9665269078
9422655640
2472222981
9822465222
8956676365
7397964842
9623175223
7020502123
8380998099
9922020043
9822066601
8625026462
7385821249
7350400302
9765996123
8806259546
9767080856
8605022850
9119526494
9881368585
8530914116
9890561162
8446901593
9423143237
9923241567
9405876061
8975893456
7558327790
9921533690
9309228165
7057317926
9657602020
2114302254
8291572887
9136661220
8788848759
9822571404
8275840041
9067251670
9049524045
8149431234
8177802487
8149802066
9371571511
2472224425
9665409393
8291113299
2141223299
9833139219
2265007003
9421493470
9921223188
7821061609
8421775269
9552006804
9373456899
9823538835
9823154470
8069865821
9860188483
7823899285
8698540424
9322150699
9822785924
9823178999
9921123444
8625936009
9623349680
9552288555
9082702979
9022604884
9096074632
9765916352
9405966175
8275194919
9022677680
8055795579
9823134960
9881587029
9373369755
9169697969
9423785456
8459384414
7774830177
9405736055
9960240133
7841043638
8999200300
9420434387
9421448587
9423347218
7666606101
7875123468
9637972826
9860811110
9970602990
9527359999
9307521202
8275487236
7775900059
8087777298
9096777544
9764259725
9422468388
9579819592
8855987111
9657424276
