7700902432
7498069303
9082946043
9527707014
7385197195
8379897987
7410789442
9921619677
8087626509
7020721396
7620548222
9022877398
8766979508
8805734338
8788443234
9021337431
7385065348
9922800719
8485858972
8975892656
9923129195
8071649348
7588370893
7588875903
9673304392
9421089564
8071326835
9422468386
7942728451
9922270923
8087331985
8071326817
2382220722
9049878181
8149702171
9764641464
9028666863
9881850803
7337802364
9822614955
9764299992
8879060749
9685818181
9421364907
9921032914
8766745923
8087422239
8037839451
9822694670
9922737517
9096811357
9423720894
8424819819
9763652075
8888511770
9960667027
9823093910
7262241244
8830058055
9403319668
8600290914
9422180318
9970057220
9096797040
8806089854
7020713609
9022454635
9689330191
8767229709
8483884274
8806905257
9850185140
9922215329
8830996657
7888227117
7972229495
8830916188
9421271925
9403239334
8799902232
9860239630
8459875338
7030765155
7083932432
7709347071
9697701430
7774901225
8081095870
9309823262
9588696002
8830986798
9370388350
9545119224
7058224435
9960452994
8308586073
9370724950
9325549446
8087491676
9423766924
9970774731
7447876255
7776081437
9370325886
9766552064
7869684546
8898503403
2148350000
9594840462
7045336144
2269246500
7400388971
8779102007
9167847920
8602101000
2227457171
9109024791
8867181100
8068172518
9920399334
7626865686
7977424851
8976868346
8369022360
9769506070
9920090552
7021215645
9702887803
8286693660
8082758855
8433552535
9773777750
7350056117
8652712435
7777028999
9870815333
8355892201
9820114737
8169508494
8828823337
9619260006
9969066101
7021239838
7021635349
8286351172
9892805777
9324568953
9004210465
8108012697
9224711999
9112242612
9833351282
8976707535
7666841397
8108831372
9594066363
9892727145
7385530889
8007480074
9421134326
9767777057
8291144643
7506533292
8071331347
8793012103
8828283833
2268381900
9969343832
9892959442
9867386994
2261536700
9820013001
9833503728
8928857352
7039121520
9322291519
9820999886
9870688130
9833060786
8898986730
9167865086
9920100150
9892292555
7232053816
9966963978
2246620881
8097586466
8291151787
2242956000
9619135223
9773527277
9076141786
8369179255
8097522733
2226342326
7977589396
8369665795
7303882923
9821463786
9896827727
8591874231
9870786286
9594613891
8454988785
9819237064
8062913004
9769167340
2266804545
9819387120
8828709945
9987979399
9920160941
9833152986
7417179999
7208527252
8169081086
9214330529
9022233249
9405564424
8149784699
7276041111
9158781420
9561694898
9423123023
8208382817
7588773796
9130093309
9764617101
8037394862
9421694316
9146932022
9029020210
9028172055
9922331565
9371455884
9422220555
9527938280
9322602091
9511765840
9422736514
9423378646
9172658928
9518925335
7558342537
8087726086
7776811666
9921615266
8446707808
9168309267
9764252555
9930565555
6364872715
9167170858
8380073946
9881481381
9146521952
8001021800
9513933521
9529604707
9577141111
7949106016
9325724499
7038024934
8484847123
9665334365
9822793272
9420655572
9228849843
9767080714
9850404141
9766698921
8830099694
9970145620
9619768819
8065487835
8830650190
7218109797
8805599595
8329225310
9423469736
8767812982
8180807353
7249090498
9049183328
7722077635
8037682349
7758981233
9228849762
9167688538
9422218532
7378797001
9175031497
9225327760
9421710196
2228451022
9892292042
9021477904
9850399600
2572225720
7020004180
2367245475
9921791324
7434015555
7796039991
8657513287
8007076042
9403312744
7058732684
9404300768
8888687662
7020677443
8830336505
8421096527
8888820741
7887617190
9423612198
9146990142
9975329777
9370501602
8766904703
9112345526
7350404498
7743983382
9765232000
9359307863
9404889849
8421091439
9890822144
7249010606
9422923079
9822221211
7232244287
9763787868
7499617152
7798555477
9325185971
9834433754
9637333444
9405476454
9090899091
9511714890
9763936393
9011703459
8983710813
8624888892
9527490190
8605013437
9021274972
8446650006
7499772128
9356872814
9763982923
7620582398
8975664084
8830584379
9011490608
7709621017
7397858631
8482976107
9699796322
8169425673
8080503737
7588800021
8007374123
9867738315
8652031954
8484815353
9423135208
8208925151
7709912933
9527537142
9422215223
8788275920
9860310688
8329511255
8262808258
9579313495
9923689978
8855980533
8625040468
8071370633
9158114342
9405729027
9921788605
9579711299
9881280296
9834980788
9511673968
6746646959
9987641332
9226361959
9011327474
9772051575
7507287821
9359135886
9860128128
8983311194
9075702282
9423049747
9822822561
8037530221
9766495778
9420528787
9545185917
9011361074
8291418149
9021722188
9284015740
7744905335
9637042020
8806547759
7276722723
8806725075
9130320295
9545452625
7262059538
9819808364
9823562926
9422798042
9373104142
8262006648
8983646403
9890236231
8380074555
8956770162
9421269827
9422998552
9421145845
7498071365
8554045317
9653660938
7020571360
7378876809
7448002020
8169627296
9422998248
9545998413
8788880560
9420206464
8275366136
9158597966
9423282191
9175406764
7304793255
9689925780
9890709448
9890823239
9552125060
7744051146
8855808245
9096628180
9923164828
7588462213
9422381336
9071348273
9404344434
9730439366
9405765154
7083574221
9137483683
9422357455
9923639279
9421144537
8550920717
9527501067
9766006667
9673964148
9403558123
7039029765
9890830701
8308515776
9403348206
8087855174
9422238308
9404743030
8830782671
8390351212
9422484627
8291602205
9665701199
9834255464
9405747760
8007635087
9970373465
9422584550
8485010898
9021105842
9420258599
9823775111
9422434515
7219816947
8071326849
7030529404
9021260148
7666911057
8928658161
9284078235
2118266020
9657072795
8037688102
8552810573
7875823963
9319485902
9673594646
9373586930
7264824242
8080753639
8669138203
9082971401
9822303518
9404789456
8669968672
7066845582
9420206514
8898876507
7798629496
8356959655
7588455609
9527679794
8237561439
8087240574
9422633239
8007632189
8459658128
2327226120
7447550403
8828713837
9763593777
9240083572
7972782069
9970379200
9503562512
8806992328
7875088998
9422535545
7066985754
9112233669
9421149091
9422429103
9158700775
8108285128
8484868633
9130805301
8956035998
8275668877
8421393299
8828682450
9289922993
9022841649
9962974078
2141226343
9223161515
8591913048
9167041187
9130304101
9623171055
7219821111
8087767218
9619848573
7798998911
8788156109
9527484314
9619734274
8484092049
9823538835
9930137002
9923061118
9970346111
8975177095
8999359511
9822216316
7350191155
9271877199
9321495963
9921943774
8591139141
9881525464
7020365239
7208198681
7218279444
9582467430
9167384713
8530201580
7058318837
7020488296
9823978107
9657602020
2114302254
8291572887
9136661220
8788848759
9822571404
8275840041
9067251670
9049524045
8149431234
8177802487
8149802066
9371571511
2472224425
9665409393
8291113299
2141223299
9833139219
2265007003
9421493470
9921223188
7821061609
8421775269
9552006804
9373456899
9823154470
9822648008
7776026854
9370665551
7888253159
8855829930
8888820007
8379022811
9707070040
7798681313
9075081555
7385319052
9370610454
9284744691
9923521001
7020725327
9226252836
9766206088
9822501781
9763021170
7972047396
9623458890
9119529067
9960189086
9689988334
9807271010
9289922390
8605862749
7020118088
7058252577
2112224157
8956224157
9921281423
8999799960
9307878779
9711577238
9322150699
7722010042
9623111155
9619638398
9860622329
9860665919
7276147133
9309913991
8380044975
9970831785
8600762659
8588897655
9960247362
9763569996
8069865821
9860188483
7823899285
8698540424
9823178999
9552536003
7943443084
7669645326
9552361627
9552041242
9730998424
8956068105
9319486203
8999012975
9420435243
9228849693
9673005507
7038734005
8390900163
9158046786
8208854514
9762853323
9860878703
8668893156
9921876709
9822504226
9922257005
9561449561
9822514596
9766297047
9881831714
7378390039
9763521611
8830252001
9970532704
9322763685
9969332907
9892892323
7738488288
9960107972
9326465699
9820924009
9869443611
9594820347
8767016397
8655990070
9322210642
8291984522
9890463028
9867693038
8082149433
9820203660
9320155129
9082694687
9822785924
9921123444
8625936009
9623349680
8934523329
9685935255
7229932000
9769636098
2226733700
9137335321
9372788011
8291235809
2249726161
8382914882
8369740702
2226732841
7506346896
9980655944
9769503204
9619958615
7558658802
8979324100
7899306662
9768748842
8828066570
8850258508
9967800049
7208975360
9082465581
7400462870
9704081113
2267411382
8591885077
7838553736
9004672311
9769920320
9892082432
8104966517
8000593488
8104170208
7403999333
2265855523
8779478388
2226744451
2242645678
9892939970
9821470822
8421177887
8433931197
9920729218
9137295705
7715024672
9372980740
7738926768
8108816678
9552288555
9657993337
7499084399
7507249334
8001235365
9822461023
2452225075
7276120832
8600406440
9561719561
8828760625
8149233263
9075549666
7977010824
9870530927
9867436966
9372195448
7378753645
7744972111
8975034280
9420358483
8007960754
9011326106
9049107894
9420798834
8975686080
7276192410
9423273434
8459570664
7378355312
9075721512
9403786771
9167769672
7378505153
9420935050
9769059290
7414963154
9869194092
9028663269
9324217432
9422576977
8454945494
9823836677
7709994248
9320747798
9823082460
9420424681
9404173198
9967480628
8433695555
9404965605
7028174574
8591196270
7039711155
9594917588
8090105025
7559253066
7755914558
9004693930
9422381796
9421191533
8879875505
9869338434
9860642342
8208392238
9820528163
7385314443
9322771103
9822320558
8879303335
9820564253
9769762323
9158740456
1997576341
7507332288
9619665569
8097541782
7045455511
9689242414
7796150444
9552933876
8268762279
8668590691
8668454432
9326456745
9892072666
9890919101
8275520782
7263255185
8999512136
2512731234
9665000652
7385113560
9970471600
8237244189
7754809381
9833037208
9665561600
8275088707
8048051861
8969201700
7385769737
9422165767
8275036806
7350559001
9850401507
8408937641
8421425624
7232244153
7709847626
7943443840
9975783998
9834686140
8275035359
7588758001
9422162691
7242457772
7242440156
8788540713
9370155150
9004009159
7770031698
9503892483
9999814296
9156924415
8767601271
8149250928
9730753945
9028711941
8087159328
9579915551
7821096438
9423638239
9604072475
7385972465
9011282545
9764971786
9970665604
8888870670
2564222506
9860936035
9637521852
9503420512
8380080058
2562275122
9545298060
9422467346
8929384654
9561589180
9029119023
9867767040
9527806229
9373425511
7020545158
9422217819
9834749490
7774015470
7184256031
9764290686
8898874121
8071648457
7775066668
9503252919
9890296113
9323653746
9922440063
8669130271
8888051109
9422170367
9323686758
9767439032
9323203432
9321688473
7038269090
9673401034
9881813448
8788872772
9637288832
7218026429
8446562148
9922665756
7242410765
8805977423
9226976996
9970315527
7249146019
9422708868
7276747343
9561917792
9373375014
8668811879
9623864584
8805564560
9766890403
7721924392
9763525384
9309125957
9307956760
9356282953
9156911851
9890984719
8600447070
9172060433
7972538865
9209651514
9028055588
8208458843
9175415703
9307018641
9075504877
9764105746
2472222016
8007002699
9850706030
9988340240
9595254367
8530224251
9371725255
8975220049
8208327473
8669300254
8668354245
8888082613
9356300657
9421708712
9860814100
9503481870
8010431368
9767012055
7028277531
2382221181
9820442795
9930706066
9325920702
9607738119
7385056962
9028405150
9028202324
7666809143
9175557490
7507679809
9960279380
8411997751
8104417355
7040041182
8421104970
2268211111
7045550055
9763700338
8080337170
9987551313
9272222323
2522280977
9220752555
8299627286
9323252623
8623085518
8007123400
8468986893
9372783933
9890627059
9413604491
9022295805
9152422072
9228849808
8983772400
9067770131
7058211508
9175696982
8888622555
8071406382
9665550133
9322091001
9767393866
8080441123
9619698180
8956304541
7998459777
9607032555
8180001919
7972766316
9730070077
9820562462
8070056777
7020440544
9422175551
9867330421
7242432880
9820896040
9579419999
9970950942
7770007245
9892478765
8805000900
9324994678
9594818181
8484003154
9373495585
9326685799
8433907279
9970556900
9699116115
7385053270
7385656104
8691035009
9823982270
9860290736
8356942739
8169119742
7044443050
9136778212
9975668440
9673639989
8459416440
9918082006
9503150981
9619750217
7378674110
9890399746
9082183801
8169854449
9322390500
9175148086
9552683621
7498244110
9075574509
8793774467
9767730064
8329451789
9867020786
7030234643
8795993207
9833533893
8291843666
9322277475
8433333370
7972989140
7718848156
8104771355
7400344061
9004778309
7666777390
9004140069
9372114151
9833006678
9326209538
9022115858
9150455455
9619560101
8149292471
9810404024
9819709602
9820651717
8976000969
9930258191
8591820182
7039494324
7045324531
9137009246
8422004455
7835072639
9321760507
9322463454
9289923142
9076401808
8591084460
8452051181
8855070114
9664506611
9881775556
9833350992
9222086141
9561503635
9082104270
9136832088
7218585000
9223333303
9699716426
9923786159
9561334419
8433818232
8983330610
9044449547
9594279495
8169288903
9930319944
7977709998
8484055543
9890855442
9833723707
7397897111
9892836796
8087068454
8850687739
9920791595
9004480007
7021196724
9820630697
9819773347
9689688323
9096260809
8898356957
9819404798
7583888999
2225375045
9307980134
8767089712
9823470805
7887499514
8282898484
8013131888
8501048841
9987263076
8369182020
8108882605
9967902800
8828044198
8976804604
9421995482
9326929280
8208325382
9892001947
9324545763
9324204921
7798314516
7977016878
9820973727
9870093688
8080115111
8104316140
9699969996
9326586884
9870015528
9773289009
9702188472
8097121501
8689862936
9920665439
7666218989
8291477273
9892702279
9726875172
9867443966
7506787104
7710933713
9930961701
9223301205
8884888227
7022114114
8422096806
9323706071
9987189802
9867439734
7800808870
9152818155
9819697526
9892552018
9372805730
9649119190
7304670991
9768342613
9892066046
9869737105
9892608430
9834126042
9920011839
9920393859
8424888182
9136131363
2249222222
9152703988
9969811122
8080603012
7506455455
9833533661
9594861810
2266666781
9967412765
9820797127
7021334315
9322228045
9819401122
8850717422
8591623855
9867054849
9892506787
8422886888
9082184947
9819909897
9930306748
8080594123
9082255974
9867307012
9372688876
9819536814
7272895252
7021563347
9833580202
9820165565
9819570365
2224449765
9833888133
9820139652
9892264067
8850703477
9769278297
2223736363
9619352435
9029050720
2226845365
8264213921
9820307045
2267343131
8623834468
9403856044
2452233007
8080848021
8048209740
9527196937
9921535765
8796337767
9860165205
9130429595
8591983361
8779405866
9987225111
9324011274
2249741140
9082542949
9821285328
9820522779
8169615299
8655522634
7301041410
8291451672
8655496615
9324080896
7208371993
9967034394
8108978372
7385242464
6200147998
9702040909
9322832766
8591983363
9321596196
8779394546
2233043500
8275142709
2225522705
9324498299
7045502171
2225564052
9850950077
9137202013
9209295210
2223723296
9322281840
9920371552
2223722628
9175179333
9597233311
8179308127
9833275725
9153534534
2261715151
2241622828
8689996996
8655228747
8446001272
9408783540
7639954333
2025533861
9767998894
9767050531
2312549191
9768301014
9702701444
9014031411
7242433465
7776959170
9167766922
7400082227
7507480604
7038644222
9545908786
8600089934
9422171811
8007514000
7529990909
9765444503
2462240013
9970796477
9890622684
9822291955
9850745554
7057301548
9923070770
9049654737
9765622000
8788983171
9921964140
9561037763
9623219865
9960708930
7276162905
9881513607
9860991220
9011255741
8605025787
2462232940
8055803881
7020898868
9890394456
9396963535
9545049900
8888337317
8275522988
9850071499
8698762221
8411800737
7719819840
9823526650
8928285063
9890912036
9765473237
9923081639
7972230763
9552865592
9890511460
9657163357
9730702942
8888888363
9222299611
8048073668
8380021464
9665124471
7420960533
8888301889
9511698370
9049890099
9284784339
9028459528
9766519238
8433842619
9819559035
8879685207
8080905520
7405234552
8356950628
8591295549
7208898444
7304923314
8879141176
8652300965
7045446060
9920943438
8898992910
9137189375
8149827086
9004582297
9820728388
9152308625
8530016623
9892757584
9370782372
9320073725
9930264296
8879879900
7900118428
9136097134
9152010535
9224259205
9004114222
9833392329
9594757972
7304051600
9833392324
9004155541
9594876155
9823023349
9860817938
7378484801
9511886528
8801515656
7875693975
8975352893
9773874074
7977448603
8740019250
2228835999
9898240577
9967136097
9167998231
8108246346
9867721047
9892242412
2229272497
2223425858
9324093288
9967342470
9769052471
9594670888
9325071081
7666944841
7798889507
9930249706
8037304141
9892284026
9833833827
2224442682
9356806514
7039531003
9321218516
7021615873
9769663043
9821425824
7757867715
7977878261
9702967008
9082292149
8976131421
8898858882
9967607308
9561919258
9167700548
2225035590
9222223069
9833160460
9967477824
7217790683
8898774300
8097717719
9136269668
2228026106
9029993060
2235120758
9822224229
9422861333
9637713713
8530520160
7798995818
9325836915
9823061150
9960040497
9890916494
9561322132
9766098313
7757016999
8975819953
9423649118
7507764434
8446013404
7212520060
7038421795
9696969986
9975893989
9022166170
9421619200
9764994879
9822092114
8989848910
9850408355
9423187443
9822637861
9028896834
9545656158
9822243399
9823235536
7387737737
9657603913
8087019295
9923377776
9975367595
9822075421
9271711616
9405058241
2412779835
9422220486
7499368306
9890174172
9423793348
9834733796
7887395983
9403378501
9822078502
9112288622
8077125139
9422109540
8805664612
8657777797
9890174040
9823344344
8047636880
7719866877
8042755249
7020793900
9422819020
7774007633
8805006988
8037499838
8999427583
8048034062
9075104364
9075075926
8857977889
9822220699
9422104724
8208284859
7499058513
9326888001
9392035377
9359374532
8055811112
9371317110
8180895765
9890327246
8928624660
9372304091
7122550019
9225212545
9326633330
7020914910
9527442828
9423816241
7066667879
9764411808
8000218885
9371266471
9579126380
9370617678
9326050054
9373125020
8421019184
7387861808
8099555049
9503619000
7788888009
9820657675
9820180147
2248019086
9820258898
9987884104
8454000405
9004363902
2240051207
9664970000
8470978529
9833355784
7666630967
9324215152
9867365923
9820085388
2225001621
9819494963
9619755152
9022803582
9967503151
9819018586
8082287197
7021177137
7045112099
9820169619
9667575910
9594103868
9833595952
7021800015
9967658262
9867263624
8169741744
9653146881
8888685776
9321572629
9768304802
9819060762
9167300708
9702340540
9820098565
8779793489
8828887850
9987699961
9376949949
9820276648
9820760000
7977515158
9820173500
7045927189
9029018160
7447331888
8857973092
7720894734
2141295839
9967271104
9833700676
9422375112
8929933106
9699360370
9930146140
8850275917
9967545545
8308848116
7977315017
9987540357
8433804351
9822836575
2143283833
2143253307
9762505353
9967587155
8002706088
9082339447
8291443318
9766389648
9446077950
9607560004
9960862504
8281825516
9867726575
9326186076
9028688577
8983095069
9519524824
9833258456
9892763199
8657878563
8055579965
2242764444
9326167706
8169509709
8108745275
9595889198
9321173184
8433999559
9311880399
8087684869
8976780913
7066315492
7700047615
9923823233
8857982588
9834224477
9850638143
9404564042
7719036449
2382255905
2382221670
7023106830
8483834148
2382252517
2382255525
2382226636
8275829393
2382254554
9960592532
9604840644
9404238299
9405776277
7486022899
9209075178
2382256890
7058986786
9545300058
9403934747
7020367577
9028870489
8830181527
8208188774
7770017752
8087760815
7020321741
9665135735
9420394278
8329634749
9021767429
9359007351
8788112348
7875078128
9011659057
7966247269
9860530260
9923096147
9890056099
7774802418
9960404944
9420232956
8380848859
9975127430
7769035022
8605767754
9860124446
9002406111
7350003636
9356724978
9096639368
8767086898
9630048006
8010301334
9096776564
8446211600
9762081845
9604440111
8983477444
9175277374
9021807102
9595069590
7720948304
7083385951
9762617575
9823137706
8459539516
9975203482
9766634614
9970138460
9503005477
9766532299
9766611562
7350776161
9822188579
9545599654
9130496666
9975566823
9112799777
9890715657
8806041136
9420538190
2164225518
9422605269
8010397468
9226786805
9307720714
9765941312
9552834273
7387881399
8956249611
8483967254
9112885555
9823982260
9421127577
7020370470
9699261224
9730787891
9665552211
7420007408
9422469996
8805346257
9823488315
9422469461
9403541124
9420912037
7972083713
9422186735
9518554614
9822068563
7887742333
9579377737
9370783568
9309103074
9860374536
7758988424
7020915043
8421436524
9209397430
9890255203
8055752228
9325329922
9552576053
9404313438
8446062706
7798982577
8668499210
9422133369
9764097824
9960111661
7387728358
8855825893
9423187934
7249497508
9552935395
8095100796
9818866824
9607592614
7588976930
9373231605
9579727421
8983791571
9822032242
9823846632
7588766631
9422101035
9766342246
7028906174
9511778030
7977442556
9028818111
7507691870
9970289222
7350076861
8888753310
9657718982
8999732218
7385809054
9975839083
8390615676
9834609982
8237590670
7559139955
8788200877
9373957281
9561993630
9325700758
9960456100
9730004091
9112232211
7387778127
9665007031
8668791680
9082998911
9763850566
8788870813
9673220444
8648900900
7083390408
7879944043
9970589875
8411985029
9850439797
8668611236
8600459443
7498917378
9403082329
8530721207
9405581080
2366269681
8007502251
7030134036
9404577457
8080630301
8390899089
7218395973
8806726037
8087865182
8600596071
8652233684
9821029224
9820685643
2228936070
9930497730
8424007356
9870089733
9869281544
9930147586
2235945702
9819481779
8828821122
8828058786
9821138448
8291975276
7208030083
9869816602
8291221279
2240055903
9820092402
8425964234
9082654400
8898471871
8080809122
9137140663
8976855206
7039969999
8828583003
8828949690
7977470850
8591188533
9768351759
9819747952
9892932263
9867555414
9594274068
9220743988
7045238377
9769239336
9773207254
9892647212
7977645873
9324188198
9892979374
9422002958
9370147686
7350899947
7028616222
9762847070
9370000146
7976350847
9881088686
9890331881
9370124460
7413097413
9823027794
7030306789
8485804586
8282890202
8390050007
8983760012
9511244735
8087867500
7219318808
8421990777
7083186105
9922549326
9372339712
9130417367
9881077588
8793007070
9175030077
9373800439
9922902424
9518527841
9637106364
9326418144
7020016889
9022164481
2024453862
9922297458
9822059891
9371009104
8999589217
8855944522
9755775933
2024480092
8999456975
7499387294
8329990814
9921177783
9370797306
8857845656
9657511130
9359308266
9807222020
9545913532
9890624401
9270484300
9860484491
9730954360
9890584709
9822554540
7978097422
8042783377
7218065550
9922261495
8149479618
7949121728
9022634413
9970390875
9405300249
8888880074
2026440999
9819186318
8767477102
8975002335
9970870098
2024216519
9823277544
9766241741
9321360384
8830063550
2025286080
9922190305
9422304277
8007978080
7720014902
9145107746
9822001692
9049710175
8766619779
9975754588
9673252025
9822009629
7498079442
2024325121
8793174848
9922222223
8484959122
9011036339
9922444444
9049377144
2026386333
7709706663
8065487038
7057056100
9766510061
8575124124
9764869069
9011688811
9371299955
9112294400
9922676455
9075349259
8888203760
9096837519
9588488259
8767609131
9764000883
9172934779
8668362895
8484915113
7790090012
9823188876
2026340726
8484979003
9699083082
7276299292
8830581380
2024487174
9822999124
8605157724
8767783950
9604045060
9579236728
9823094092
8055331986
9890124536
9673470001
9623454050
9960571038
9850296069
8975616161
9850017996
9881062978
8411864646
2243005555
8237609788
7218940437
7276789560
9850783338
7666151932
9594944785
9730517942
9881970045
7057782909
9090309999
9130373463
9637818080
7719030111
8055444888
2026134866
9130098788
2024332689
8329584612
9730479399
8329826102
7775081818
8037016552
9421947493
9850620903
9420002037
8806613010
8080784072
9096720777
7720082927
8806409191
8554879994
9172915459
9822903414
9075092225
8446886361
7057950045
7744017161
9049621332
7775005656
9890874507
9766334357
9011687254
7263811280
9028827171
2026128821
9970733911
7972761428
9075907522
2029518030
9730023946
2025284301
8380091803
7838269440
9075441223
8796502277
2025535711
9923008087
9922293434
9370759059
8657166943
9370442471
2030252000
9049595592
9850016868
7666105559
9970875720
9970939663
9325683135
9088311000
9822849822
9673718669
9322862232
9960470747
9422069954
9158161313
9420484247
9823283032
8668864475
9604575656
9422314173
9766318328
8329054744
9823009007
8698488502
8087110170
9765906345
8484008455
9881443432
9422085890
8407940373
9822141312
2026124759
9823165190
2024430288
8956939775
9890149052
2025391723
7378636272
9029935856
9850843143
9923365588
9309070211
9307554966
8261008237
9307867582
9730522957
8668621851
8446393648
9823706219
9665105198
7709484023
8329094282
8796968701
8793407909
9762641107
8149202670
8076457615
9260558205
9850413132
8551080202
9326422727
9371018033
9370951865
8484844656
9881442280
9029180821
9822639783
7757022700
9657477747
8149432626
9923904077
8806965374
7219239460
9422025690
9766931239
8600848494
9503216560
9527267272
8856026043
9860629026
8888827170
9823285850
9892986333
7710866011
8450910702
9323175943
8779613198
9892537035
8888893022
9702724765
8767862221
9503880143
8689929000
8767972787
9869997949
9920777475
8291113539
9326065995
8828171268
8108181558
7977167093
9870532021
8080606011
8850873488
9325911122
9853720999
9881739446
8149433235
9372307645
9822201310
7397918222
7387889990
9922350969
9823050871
7122723055
9766600026
9422110842
7588285501
9822431454
9763712424
9604456144
7272999711
9922117262
2025520334
9588419289
2041232975
2024264306
9021738219
9850957290
9604200030
9710905555
9028078601
7620144503
7378911110
9922093900
9822492221
9922000223
9021180371
9172739966
2045033613
9114151617
9923406429
8956070766
8005322612
9960585253
9823731990
9765171171
9921199971
8380095130
8045811554
7276469160
8956084307
9325819498
2041256678
9922141541
7498621873
9273107155
2024470438
7276020758
9822037647
9431880145
7887884454
9421012843
8793324414
9370903381
7721993531
7507909595
9637427333
7588902953
8007301002
7251880380
8975999625
8390958593
9284790780
9699706911
7942760328
8062646195
8408958776
9922409101
9270391458
8868885488
8668816598
9923524277
7212567307
9321592348
7212663240
8071265275
9579956863
9960745693
9922068689
9028713684
9764064144
7212577265
7030709705
7058595905
9513170554
9588628889
7387077448
7796153626
9112006060
8208211352
8071265277
8605433444
9923114438
9340197285
8625803407
8291354229
9368618886
9890048665
7058965077
9921736587
6366438019
9028382945
8459144630
9890125577
9657195951
9890048667
9823996730
8275149838
8237111555
9171657955
9284143520
9653613524
9423288558
7887351919
8766692827
9595591074
7400498525
9930593675
9579351531
9823158616
9096085157
9527120307
8767457707
9284031684
7410504432
7972207643
9422331838
7020696350
7122593260
9960017800
8793882148
8169198184
9833793133
2262328469
2249708959
9820323361
7021990712
9082053900
9987925893
8691890308
2239487300
2225373878
7900135456
8779412168
9987879142
7506086366
9773336075
9819557109
2261569900
2241618300
8976912301
7415741562
9594294017
8879384887
2066872400
8073327752
9209656567
7206063939
9623626333
8308193334
7385276787
9657317561
7420039429
9156889035
7447447669
2040027062
9325213567
8408810055
8328356907
9620670606
7304554944
9112044824
9890935774
8888822660
8045132105
9890107778
8055379939
9371130543
9172222254
7219560750
9595209120
9823155535
7887867011
7304077222
9325999245
9822697059
8087710965
8623961141
9850376118
9890311985
9326604646
9923442011
9823854414
9881739468
9595044452
9923243727
8048040516
9021964959
9850232173
8600666250
9860614839
9923204246
7385162881
9834751805
7020670595
7447789773
7588732043
9834303649
9021656472
7385235738
7972669737
9764025918
7841009910
7385486398
9284522112
9373101808
9975791221
9307036299
8793632545
9370128220
9763344543
7249464786
8793249805
8698592800
8446596456
8484952814
9011048900
9561381773
8857088437
8788231968
7410003702
7887885241
9422344718
9049482540
8071280316
9503039879
9423963075
9371573390
7083254812
9822728026
9822231655
9321370521
2225828929
9833089277
9920841866
9892142800
9867987757
7777055610
8884699553
9769646467
7738394391
7718090029
9090924000
9321451995
9619570433
9321325933
9820978928
9619270244
9422110242
9370830916
9028807296
8037908292
9890809769
9022569669
9422817520
8002100700
9373116051
8149948321
8037907794
9370604126
7722096982
9764784879
9823067442
8037515373
9404411268
8806021233
9923213408
9607030748
9422118722
9850444821
9834582338
7385239311
7507295847
9422149564
7666736947
7122733681
8044924897
8037907819
7387405071
8888836374
9370744440
7776880640
9146522565
8149351418
8850332364
7122511381
7020479795
8261088532
7447403616
8999309017
9420388152
8888658543
9021088806
8001232152
7122526121
9371434140
9579775684
9822463216
7397878888
8390140012
7498032313
9834179846
7030663322
7122249901
8605382112
2532304220
9881448844
9371273251
9870192061
7208629125
9594517220
8087207595
8108315050
9769080259
8286768983
9768393134
7400200333
9222444201
9323249479
9769751510
9920059075
7208398482
9221859123
9833306921
8779660109
7738445556
8652644767
8369740124
8766472696
8850001618
8356046877
7900096857
8108359547
8355858409
9372674202
9870712578
8454888439
7304986869
7400129565
7447867887
9076030955
9930909763
7738396016
8828347481
8169195392
8595545135
9152937838
7400381380
8879762369
9768040143
9920650064
9833665323
9221996512
8356917311
8928323711
9007190216
9321833807
7710088877
9823012461
7775071000
9765003040
7122564213
9371543323
7122726148
9923625261
9423101657
9225237183
7122773003
9049995236
7122727447
7083765517
7710771081
9764485748
9823042260
9823227688
9503303037
9850066233
7122242539
9654123520
9923727758
8329115273
9373101948
8805548888
8766506146
8668250866
8446445545
9823046508
9823491940
9422103990
9373438800
8048988497
9373008466
8446635124
7620996694
7122553555
9049689000
7387105433
9689908874
8459768709
9529124478
9326292829
9657470715
9175937925
9503884772
9819571551
7030642616
8425971064
9822406435
2067120700
8657215533
2048601860
7720876464
9209757522
2066891222
2024358922
7506937544
7499320240
2039537500
9860887516
9823082268
8237008400
7620225520
9167148910
9699984943
9371852777
8983890061
7355738573
9172107900
8308325009
2066211041
8879381993
9423005866
2041208566
7499385769
9970466594
9090249898
9552522715
8149138218
8668552255
2240264495
2224127273
9004510103
9833646503
9833900770
9820420222
2228714222
8850871073
9819280553
9810762721
9619692919
8003907163
8369644748
7021937204
7588227424
9226495322
9371830833
7770055017
9763192983
9860161856
9209093055
9921035151
7720053503
9423979446
7774053775
8180005119
9175596009
9511781533
9423588000
9881899757
9075221188
9146561000
9371505153
9604292503
8208900792
8657973857
8007166001
9370745422
9011996996
7972596022
9420635390
7558690047
9766504266
8624085534
8657002351
9960445558
8655628410
9136386861
8369833087
7020747321
9763868274
9420308000
7588300402
9881249858
8637766562
9765320236
9226295852
8888714522
9822509616
9890332791
9145522331
7020161997
7378541611
9561516679
9730344352
7822870090
8623909229
9823807747
9422726194
2562241444
8655766816
2562232452
2562236408
8830181107
9168926194
9021895513
9767690999
9324740526
8698961030
2562297855
8668757033
8788169524
9699592800
9172102333
9373032001
7769865240
9579312398
9172724986
9763865008
9884056699
2562232598
9811437000
9764265123
9403426427
9370928621
7775829313
9403426424
2562246888
7219874274
9545849456
9421532040
9689363908
9730655144
8552088006
9511882566
9324000457
9922711775
7875613721
9922167202
9529160142
2532461471
7122728690
7122764312
9373909606
9822111098
9545868555
9404709909
9922396327
8149057616
9673000033
2172600069
7385343107
9767815900
8600170704
7720857708
9370703248
7820869699
9604437794
9145303026
8329376407
9421123284
9309127606
8037784419
9607895225
9325582508
2332331441
9850156040
9175457107
9284293684
8087127007
9673493067
9730599909
9421217767
9890976611
8484864110
9766839190
8421947388
8421536333
8044924857
9552544824
9975631355
9766144805
9822413223
9730370231
8048606888
7387871032
2332374011
9850255089
9850095080
8044924177
9975141100
9673479777
8421217648
9096478205
9325641645
9545587090
9822699075
7709964669
7775066660
7122763675
9422832389
7122723264
9579420733
9021529791
9529930818
7104237568
7122772299
7948059943
9423102615
2048553828
7972217022
8657567240
7122956632
8037907778
8037908313
2532505799
9822107360
9822004347
9923069333
8888029948
7767010004
2532500459
9011932019
9762020866
9762471322
9096388284
9535947318
9049294644
8007213111
8040138250
8037907978
9011044657
8037908312
9130888666
9579592423
2164222233
9823264828
7798077706
9156300919
9403203173
7558331876
7217651979
9168755977
9822723411
9975065223
8605592247
9049964477
9822968989
9921799554
7710077478
8421745466
9766840095
9225310143
7774950817
9175708497
8600901438
7774006636
2041201288
9763102222
7058485268
7977519902
7028418187
8976855990
9403552121
7719874876
2239236292
9534345456
9970925401
7006919370
7875870920
2114277747
7507115522
9765418000
6355430532
7875196247
8698720482
8378968098
9890094457
9373315156
9552248674
9764280133
9226945001
9373170208
9373408646
9665503050
8983664300
9371031919
9921409933
7248908644
9422021595
7972446100
8879974935
7875057071
7350111180
8668909743
7947468448
2112224940
9730041950
7410008355
7057876261
8044939126
7272024242
9770976976
9021367828
8007280008
7972857604
9673917771
9422247646
9270942627
9922595855
9137379909
9136821728
8451963969
9029030243
7021658838
8433899929
9137646018
7709601595
8830880983
9860516741
9137870600
8999086931
8454845343
9673234484
9370956627
9820202510
7045313787
9967623564
8884399903
9137558517
9324838620
8928050942
9892873572
9322297522
7975705768
8451052801
8976346296
9920230990
9867310618
9821284841
7710029157
9870800902
9930063083
9221233527
7208770715
7718898822
9321242772
9834918924
9967844482
9988625294
9137932256
7900104316
9967908489
9326076170
9742470309
9224386322
8080850178
8484997585
8669602000
9822448746
9822679655
7620492095
2532350749
8551918529
9657299233
8806666520
9456479999
9822457877
9881327553
9881903705
9623238507
9422663199
9322145708
7722078418
2532513600
9881934187
8308993773
9322041587
9226355356
2532462099
7770015707
9890643266
9423575477
9595996566
9607304753
9011443094
7588551400
9860097636
2532514044
9132971818
2532514922
9007800764
9987398544
2532351298
8600612221
8668271936
2532511350
9503635052
9049004555
9403160803
9403950367
9860814209
9033683177
9552242176
8484905936
7057211555
9822050513
9607646464
9834270401
7756091234
9960235389
8888629011
9011578652
9822204550
9326272521
7020430541
9970095665
9975393290
9518395069
7972300744
7775000042
9403812155
8208799411
9960612252
9763987251
9404044444
9423119439
8329064534
9421194255
9373374333
9325375729
8087103774
7020495775
7507503203
9373204111
9822564908
9923282815
7887447293
8208894711
9270146899
9988110805
9372493221
7083389222
8805122252
8007883658
9325890108
9588676682
7038998483
8485015516
7798471664
9322207667
9284353633
9545351509
7719806088
8048033432
8999905926
8999543232
8378910460
8237555352
8068924219
9422160912
7020367625
9518557834
9890281424
7447355828
8668813926
9881288131
2112224540
9096830796
9404254782
9766233611
2112222203
9527567171
7304543871
9122544444
9860100098
9518914902
7020197373
7499964920
8047138101
9890321235
9921115484
9637321000
9773532149
8457894426
9930792430
8805242598
9321271064
9870006608
7900159154
7977004595
8976878029
8108810105
8879118902
8898881898
7304053032
9820303947
9892565737
9324623283
9892944090
8069865394
8080181414
8082028188
9323871977
7400451897
8080507574
9856499111
9867162562
8591614343
9867255168
7304188472
8551811349
9225711117
9561274934
9552729404
7499160249
8062709530
7558745740
9822212746
9890400170
2572220901
8983838781
8484078402
8975753604
8390087372
9822588005
8010136393
7083990101
9373091356
9370303232
9631212727
8432326766
9075028421
7385422818
9422083121
7875141901
9028002727
7506122435
8007000897
9373402011
8484965219
9529129652
9403756939
9309098676
8007866582
7823066335
9423975135
8237079997
2164222459
9175644233
9970185279
7519300300
7972701420
9595512525
2164227405
7028533133
2164227712
7506280361
9762274496
2164229272
2164228823
8421307137
9423594080
8149245220
2047170285
7972757732
9767802374
8793252324
9552123454
8275591800
9606019547
9337117573
7558685783
7709568705
9552565677
9370429815
9175207207
7620338153
9423404240
7773908263
9225231315
7410065660
9422836036
7350781234
9130420386
9657174591
7744977770
9209064363
9403261237
9420868380
8788503142
8805850138
8237369341
9822234501
8830491884
9372764806
6329195125
9850786701
7172270728
7172225269
7009585112
8483998662
9420611006
9822523895
9423645335
9284340437
9373652290
7477862544
9860816506
8788026089
9527199666
9823141186
9595989555
8087569272
7276960190
9860475001
9423151801
