7700902432
7498069303
9082946043
9527707014
7385197195
8379897987
7410789442
9921619677
8087626509
7020721396
7620548222
9022877398
8766979508
8805734338
8788443234
9021337431
7385065348
9922800719
8485858972
8975892656
9923129195
8071649348
7588370893
7588875903
9673304392
9421089564
8071326835
9422468386
7942728451
9922270923
8087331985
8071326817
2382220722
9049878181
8149702171
9764641464
9028666863
9881850803
7337802364
9822614955
9764299992
8879060749
9685818181
9421364907
9921032914
8766745923
8087422239
8037839451
9822694670
9922737517
9096811357
9423720894
8424819819
9763652075
8888511770
9960667027
9823093910
7262241244
8830058055
9403319668
8600290914
9422180318
9970057220
9096797040
8806089854
7020713609
9022454635
9689330191
8767229709
8483884274
8806905257
9850185140
9922215329
8830996657
7888227117
7972229495
8830916188
9421271925
9403239334
8799902232
9860239630
8459875338
7030765155
7083932432
7709347071
9697701430
7774901225
8081095870
9309823262
9588696002
8830986798
9370388350
9545119224
7058224435
9960452994
8308586073
9370724950
9325549446
8087491676
9423766924
9970774731
7447876255
7776081437
9370325886
9766552064
7869684546
8898503403
2148350000
9594840462
7045336144
2269246500
7400388971
8779102007
9167847920
8602101000
2227457171
9109024791
8867181100
8068172518
9920399334
7626865686
7977424851
8976868346
8369022360
9769506070
9920090552
7021215645
9702887803
8286693660
8082758855
8433552535
9773777750
7350056117
8652712435
7777028999
9870815333
8355892201
9820114737
8169508494
8828823337
9619260006
9969066101
7021239838
7021635349
8286351172
9892805777
9324568953
9004210465
8108012697
9224711999
9112242612
9833351282
8976707535
7666841397
8108831372
9594066363
9892727145
7385530889
8007480074
9421134326
9767777057
8291144643
7506533292
8071331347
8793012103
8828283833
2268381900
9969343832
9892959442
9867386994
2261536700
9820013001
9833503728
8928857352
7039121520
9322291519
9820999886
9870688130
9833060786
8898986730
9167865086
9920100150
9892292555
7232053816
9966963978
2246620881
8097586466
8291151787
2242956000
9619135223
9773527277
9076141786
8369179255
8097522733
2226342326
7977589396
8369665795
7303882923
9821463786
9896827727
8591874231
9870786286
9594613891
8454988785
9819237064
8062913004
9769167340
2266804545
9819387120
8828709945
9987979399
9920160941
9833152986
7417179999
7208527252
8169081086
9214330529
9022233249
9405564424
8149784699
7276041111
9158781420
9561694898
9423123023
8208382817
7588773796
9130093309
9764617101
8037394862
9421694316
9146932022
9029020210
9028172055
9922331565
9371455884
9422220555
9527938280
9322602091
9511765840
9422736514
9423378646
9172658928
9518925335
7776019183
9119555035
8999982145
8766061235
7212530214
7775874870
7057705715
8380885566
8149994419
8975469169
9423622793
8087911927
8459483090
9730030686
9096899166
9130542621
9607768696
8421288304
9421546318
8788187880
7212665240
9272151502
9970932221
7745029284
9970012025
9359841946
8262868565
7499145564
7058732684
9960787096
8261950063
8983643043
9405989985
9021412413
9561620415
9890696684
7030093953
9766529429
9529068423
7028905545
9423425900
8979749364
9370037066
8625966785
9823793943
8055511316
9422412992
8087262985
9922840395
9928916750
8668390026
9730243905
9763327980
9284055834
9923317938
9225327760
9421710196
2228451022
9892292042
9021477904
9850399600
2572225720
7020004180
2367245475
9921791324
7434015555
7796039991
8657513287
8007076042
9403312744
9404300768
9404853704
8080385440
7232244395
9067616291
8408032626
9921739550
9689060250
7620364850
9823926633
9730490698
7972332406
9529404072
9822445019
9850953242
8657214008
9960690690
7972087143
9518347949
9960553711
8390424391
9689317362
9673632955
9028682862
7773904720
9834847624
8766995606
8446862232
8045883923
8830131976
9665201241
9421244246
7057977722
9399135861
9561159617
9637361155
7887340461
2512693350
9511293202
9284675423
7020371468
7020937427
9823528582
8929991018
9422674760
9766862434
9404784743
9970882185
9730864143
7719903090
8888687662
7020677443
8830336505
8421096527
8888820741
7887617190
9423612198
9146990142
9975329777
9370501602
8766904703
9112345526
7350404498
7743983382
9765232000
9359307863
9404889849
8421091439
9890822144
7249010606
9422923079
9822221211
7232244287
9763787868
7499617152
7798555477
9325185971
9834433754
9637333444
9405476454
9090899091
9511714890
9763936393
9011703459
8983710813
8624888892
9527490190
8605013437
9021274972
8446650006
7499772128
9356872814
9763982923
7620582398
8975664084
8830584379
9011490608
7709621017
7397858631
8482976107
9699796322
8169425673
8080503737
7588800021
8007374123
9867738315
8652031954
9767080714
8484815353
9819808364
9823562926
9422798042
9373104142
8262006648
8983646403
9890236231
8380074555
8956770162
9421269827
9422998552
9421145845
7498071365
8554045317
9653660938
7020571360
7378876809
7448002020
8169627296
9422998248
9545998413
8788880560
9420206464
8275366136
9158597966
9423282191
9175406764
7304793255
9689925780
9890709448
9772051575
9890823239
9021260148
7666911057
8928658161
9284078235
9552125060
7744051146
8855808245
9096628180
9923164828
7588462213
9422381336
9071348273
9404344434
9730439366
9405765154
7083574221
9137483683
9422357455
9923639279
9421144537
8550920717
9527501067
9766006667
9673964148
9403558123
7039029765
9890830701
8308515776
9403348206
8087855174
9422238308
9404743030
8830782671
8390351212
9422484627
8291602205
9665701199
9834255464
9405747760
8007635087
9970373465
9422584550
8485010898
9021105842
9420258599
9823775111
9422434515
7219816947
8071326849
7030529404
2118266020
9890252312
9607772227
8668952193
9970443424
9423251651
9823031492
8779401499
8087565852
9324077777
9168682255
9422142685
7387871144
9763796456
9422915325
9423765775
9689056056
9623936236
8208553737
8044939040
9673493593
9921508835
9527682266
9422200021
9834699694
9552831132
9881007999
8180067423
7769064991
9764240255
9767426907
9822216804
9158736659
9168494499
9175332399
9423144385
9975492244
9503973367
2224222726
8380888555
9822771653
9096635201
7841944606
9822234676
9960400420
8044939052
7507666113
9326207878
9405943394
9422959613
9423611510
9623666315
8421588012
9503844044
7620431175
7350000233
8668313968
8007468246
8080949941
9923023888
8804494949
9767631680
7767858972
9881238808
8044939050
9284008858
9545634009
8329019856
9405490177
7132232945
8275399300
9075000064
9112233669
8287696829
9922439997
9403416787
7823899285
9226210604
7057929600
9373412778
7020714537
9272357776
7507755880
9545086550
9990571730
9284544385
8329095925
8766620177
7030049014
9405676677
9075078988
9850468662
9657345143
9923447796
8600011360
8208339414
9172910026
7262025245
9975716523
9011090997
9405185196
9403251110
8805097505
9270801077
9881630252
9011471106
9325202851
8605136633
9604884052
9209075900
7020729253
8208319607
7020968937
9922148674
8600433776
9823231275
7387108860
8421417132
9405892866
9527091671
8485019262
7030246845
9657602020
2114302254
8291572887
9136661220
8788848759
9822571404
8275840041
9067251670
9049524045
8149431234
8177802487
8149802066
9371571511
2472224425
9665409393
8291113299
2141223299
9833139219
2265007003
9421493470
9921223188
7821061609
8421775269
9552006804
9373456899
9823538835
9823154470
8069865821
9860188483
8698540424
9822670479
9767080856
7709326019
9870667966
9146336371
7756877552
9730345255
9420841138
7378753645
7744972111
8975034280
9420358483
8007960754
9011326106
9049107894
9420798834
8975686080
7276192410
9423273434
8459570664
7378355312
9075721512
9403786771
9167769672
7378505153
9420935050
9769059290
7414963154
9869194092
9028663269
9324217432
9422576977
8454945494
9823836677
7709994248
9320747798
9823082460
9420424681
9404173198
9967480628
8433695555
9404965605
7028174574
8591196270
7039711155
9594917588
8090105025
7559253066
7755914558
9004693930
9422381796
9421191533
8879875505
9869338434
9860642342
8208392238
9820528163
7385314443
9322771103
9822320558
8879303335
9820564253
9769762323
9158740456
1997576341
7507332288
9619665569
8097541782
7045455511
9689242414
7796150444
9552933876
8268762279
8668590691
8668454432
9326456745
9892072666
9890919101
8275520782
7263255185
8999512136
2512731234
9665000652
7385113560
9970471600
8237244189
7754809381
9833037208
9665561600
8275088707
8048051861
8969201700
7385769737
9422165767
8275036806
7350559001
9850401507
8408937641
8421425624
7232244153
7709847626
7943443840
9975783998
9834686140
8275035359
7588758001
9422162691
7242457772
7242440156
8788540713
9370155150
9004009159
7770031698
9503892483
9999814296
9156924415
8767601271
8149250928
9730753945
9028711941
8087159328
9579915551
7821096438
9423638239
9604072475
7385972465
9011282545
9764971786
9970665604
8888870670
2564222506
9860936035
9637521852
9503420512
8380080058
2562275122
9545298060
9422467346
8929384654
9561589180
9029119023
9867767040
9527806229
9373425511
7020545158
9422217819
9834749490
7774015470
7184256031
9764290686
8898874121
8071648457
7775066668
9503252919
9890296113
9323653746
9922440063
8669130271
8888051109
9422170367
9323686758
9767439032
9323203432
9321688473
7038269090
9673401034
9881813448
8788872772
9637288832
7218026429
8446562148
9922665756
7242410765
8805977423
9226976996
9970315527
7249146019
9422708868
7276747343
9561917792
9373375014
8668811879
9623864584
8805564560
9766890403
7721924392
9763525384
9309125957
9307956760
9356282953
9156911851
9890984719
8600447070
9172060433
7972538865
9209651514
9028055588
8208458843
9175415703
9307018641
9075504877
9764105746
2472222016
8007002699
9850706030
9988340240
9595254367
8530224251
9371725255
8975220049
8208327473
8669300254
8668354245
8888082613
9356300657
9421708712
9860814100
9503481870
8010431368
9767012055
7028277531
2382221181
9820442795
9930706066
9325920702
7709584260
8857973092
7720894734
2141295839
9967271104
9833700676
9422375112
8929933106
9699360370
9930146140
8850275917
9967545545
8308848116
7977315017
9987540357
8433804351
9822836575
2143283833
2143253307
9762505353
9967587155
8002706088
9082339447
8291443318
9766389648
9446077950
9607560004
9960862504
8281825516
9867726575
9326186076
9028688577
8983095069
9519524824
9833258456
9892763199
8657878563
8055579965
2242764444
9326167706
8169509709
8108745275
9595889198
9321173184
7788888009
8433999559
9311880399
8087684869
8976780913
7066315492
9503657992
9028447116
7841928485
8888844436
9270256060
8482831819
9607865949
7066424246
9623413986
8069874574
9819114469
9892800352
8394053216
9136655448
8652796196
9819198758
7273946946
9022402450
9867590592
7666661212
8425992278
7827956624
9594911226
7304309922
9820568915
8080324444
7273895895
9082955037
9082218966
7304454689
8796337846
9167255434
7949213996
7774048384
9322267709
8422843784
9833067465
9833032636
9223234234
9885060481
9322663455
8424947896
9004960490
9769901420
9769002637
7678098717
7350424278
9321623107
9819963468
8070056777
7020440544
9422175551
9867330421
7242432880
9820896040
9579419999
9970950942
7770007245
9892478765
9152422072
8850687739
8805000900
9920791595
9004480007
7021196724
9820630697
9819773347
9689688323
9096260809
8898356957
9819404798
9324994678
9594818181
8484003154
9373495585
9326685799
8433907279
9970556900
9699116115
7385053270
7385656104
8691035009
9823982270
9860290736
8356942739
8169119742
7044443050
9136778212
9975668440
9673639989
8459416440
9918082006
9503150981
9619750217
7378674110
9890399746
9082183801
8169854449
9322390500
9175148086
9552683621
7498244110
9075574509
8793774467
9767730064
8329451789
9867020786
7030234643
8795993207
9833533893
8291843666
9322277475
8433333370
7972989140
7718848156
8104771355
7400344061
9004778309
7666777390
9004140069
9372114151
7583888999
2225375045
9307980134
8767089712
9823470805
7887499514
8282898484
8013131888
8501048841
9987263076
7218585000
8369182020
8623834468
9403856044
2452233007
8080848021
8048209740
9527196937
9921535765
8796337767
9860165205
9130429595
8591983361
8779405866
9987225111
9324011274
2249741140
9082542949
9821285328
9820522779
8169615299
8655522634
7301041410
8291451672
8655496615
9324080896
7208371993
9967034394
8108978372
7385242464
6200147998
9702040909
9322832766
8591983363
9321596196
8779394546
2233043500
8275142709
2225522705
9324498299
7045502171
2225564052
9850950077
9137202013
9209295210
2223723296
9322281840
9920371552
2223722628
9175179333
9597233311
8179308127
9833275725
9153534534
2261715151
2241622828
8689996996
8655228747
8446001272
9408783540
7639954333
2025533861
9767998894
9767050531
2312549191
9768301014
9702701444
9014031411
7242433465
7776959170
9167766922
7400082227
7507480604
7038644222
9545908786
8600089934
9422171811
8007514000
7529990909
9765444503
2462240013
9970796477
9890622684
9822291955
9850745554
7057301548
9923070770
9049654737
9765622000
8788983171
9921964140
9561037763
9623219865
9960708930
7276162905
9881513607
9860991220
9011255741
8605025787
2462232940
8055803881
7020898868
9890394456
9396963535
9545049900
8888337317
8275522988
9850071499
8698762221
8411800737
7719819840
9823526650
8928285063
9890912036
9765473237
9923081639
7972230763
9552865592
9890511460
9657163357
9730702942
8888888363
9222299611
8048073668
8380021464
9665124471
7420960533
8888301889
9511698370
9049890099
9284784339
9028459528
9766519238
8433842619
9819559035
8879685207
8080905520
7405234552
8356950628
8591295549
7208898444
7304923314
8879141176
8652300965
7045446060
9920943438
8898992910
9137189375
8149827086
9004582297
9820728388
9152308625
8530016623
9892757584
9370782372
9320073725
9930264296
8879879900
7900118428
9136097134
9152010535
9224259205
9004114222
9833392329
9594757972
7304051600
9833392324
9004155541
9594876155
9823023349
9860817938
7378484801
9511886528
8801515656
7875693975
8975352893
9773874074
7977448603
8740019250
2228835999
9898240577
9967136097
9167998231
8108246346
9867721047
9892242412
2229272497
2223425858
9324093288
9967342470
9769052471
9594670888
9325071081
7666944841
7798889507
9930249706
8037304141
9892284026
9833833827
2224442682
9356806514
7039531003
9321218516
7021615873
9769663043
9821425824
7757867715
7977878261
9702967008
9082292149
8976131421
8898858882
9967607308
9561919258
9167700548
2225035590
9222223069
9833160460
9967477824
7217790683
8898774300
8097717719
9136269668
2228026106
9029993060
2235120758
8080115111
8108882605
9967902800
8828044198
8976804604
9421995482
9326929280
8208325382
9892001947
9324545763
9324204921
7798314516
7977016878
9820973727
9870093688
8104316140
9699969996
9326586884
9870015528
9773289009
9702188472
8097121501
8689862936
9920665439
7666218989
8291477273
9892702279
9726875172
9867443966
7506787104
7710933713
9930961701
9223301205
8884888227
7022114114
8422096806
9323706071
9987189802
9867439734
7800808870
9152818155
9819697526
9892552018
9372805730
9649119190
7304670991
9768342613
9892066046
9869737105
9892608430
9822224229
9422861333
9637713713
8530520160
7798995818
9325836915
9823061150
9960040497
9890916494
9561322132
9766098313
7757016999
8975819953
9423649118
7507764434
8446013404
7212520060
7038421795
9696969986
9975893989
9022166170
9421619200
9764994879
9822092114
8989848910
9850408355
9423187443
9822637861
9028896834
9545656158
9822243399
9823235536
7387737737
9657603913
8087019295
9923377776
9975367595
9822075421
9271711616
9405058241
2412779835
9422220486
7499368306
9890174172
9423793348
9834733796
7887395983
9403378501
9822078502
9112288622
8077125139
9422109540
8805664612
8657777797
9890174040
9823344344
8047636880
7719866877
8042755249
7020793900
9422819020
7774007633
8805006988
8037499838
8999427583
8048034062
9075104364
9075075926
8857977889
9822220699
9422104724
8208284859
7499058513
9326888001
9392035377
9359374532
8055811112
9371317110
8180895765
9890327246
8928624660
9372304091
7122550019
9225212545
9326633330
7020914910
9527442828
9423816241
7066667879
9764411808
8000218885
9371266471
9579126380
9370617678
9326050054
9373125020
8421019184
7387861808
8099555049
9503619000
7447331888
9820657675
7700047615
9923823233
8857982588
9834224477
9850638143
9404564042
7719036449
2382255905
2382221670
7023106830
8483834148
2382252517
2382255525
2382226636
8275829393
2382254554
9960592532
9604840644
9404238299
9405776277
7486022899
9209075178
2382256890
7058986786
9545300058
9403934747
7020367577
9028870489
8830181527
8208188774
7770017752
8087760815
7020321741
9665135735
9420394278
8329634749
9021767429
9359007351
8788112348
7875078128
9011659057
7966247269
9860530260
9923096147
9890056099
7774802418
9960404944
9420232956
8380848859
9975127430
7769035022
8605767754
9860124446
9002406111
7350003636
9356724978
9096639368
8767086898
9630048006
8010301334
9096776564
8446211600
9762081845
9604440111
8983477444
9175277374
9021807102
9595069590
7720948304
7083385951
9762617575
9823137706
8459539516
9975203482
9766634614
9970138460
9503005477
9766532299
9766611562
7350776161
9822188579
9545599654
9130496666
9975566823
9112799777
9890715657
8806041136
9420538190
2164225518
9422605269
8010397468
9226786805
9307720714
9765941312
9552834273
7387881399
8956249611
8483967254
9112885555
9823982260
9421127577
7020370470
9699261224
9730787891
9665552211
7420007408
9422469996
8805346257
9823488315
9422469461
9403541124
9420912037
7972083713
9422186735
9518554614
9822068563
7887742333
9579377737
9370783568
9309103074
9860374536
7758988424
7020915043
8421436524
9209397430
9890255203
8055752228
9325329922
9552576053
9404313438
8446062706
7798982577
8668499210
9422133369
9764097824
9960111661
7387728358
8855825893
9423187934
7249497508
9552935395
8095100796
9818866824
9607592614
7588976930
9373231605
9579727421
8983791571
9822032242
9823846632
7588766631
9422101035
7028906174
9511778030
7977442556
9028818111
7507691870
9970289222
7350076861
8888753310
9657718982
8999732218
7385809054
9975839083
8390615676
9834609982
8237590670
7559139955
8788200877
9373957281
9561993630
9325700758
9960456100
9730004091
9112232211
7387778127
9665007031
8668791680
9082998911
9763850566
8788870813
9673220444
8648900900
7083390408
7879944043
9970589875
8411985029
9850439797
8668611236
8600459443
7498917378
9403082329
8530721207
9405581080
2366269681
8007502251
7030134036
9404577457
8080630301
8390899089
7218395973
8806726037
8087865182
8600596071
9730954360
9890584709
9822554540
8652233684
7978097422
8042783377
7218065550
9922261495
8149479618
7949121728
9022634413
9970390875
9405300249
8888880074
2026440999
9819186318
8767477102
8975002335
9970870098
2024216519
9823277544
9766241741
9321360384
8830063550
2025286080
9922190305
9422304277
8007978080
7720014902
9145107746
9822001692
9049710175
8766619779
9975754588
9673252025
9822009629
7498079442
2024325121
8793174848
9922222223
8484959122
9011036339
9922444444
9049377144
2026386333
7709706663
8065487038
7057056100
9766510061
8575124124
9764869069
9011688811
9371299955
9112294400
9922676455
9075349259
8888203760
9096837519
9588488259
8767609131
9764000883
9172934779
8668362895
8484915113
7790090012
9823188876
2026340726
8484979003
9699083082
7276299292
8830581380
2024487174
9822999124
8605157724
8767783950
9604045060
9579236728
9823094092
8055331986
9890124536
9673470001
9623454050
9960571038
9850296069
8975616161
9850017996
9881062978
8411864646
2243005555
8237609788
7218940437
7276789560
9850783338
7666151932
9594944785
9730517942
9881970045
7057782909
9090309999
9130373463
9637818080
7719030111
8055444888
2026134866
9130098788
2024332689
8329584612
9730479399
8329826102
7775081818
8037016552
8828821122
9821029224
9820685643
2228936070
9930497730
8424007356
9870089733
9869281544
9930147586
2235945702
9819481779
8828058786
9821138448
8291975276
7208030083
9869816602
8291221279
2240055903
9820092402
8425964234
9082654400
8898471871
8080809122
9137140663
8976855206
7039969999
8828583003
8828949690
7977470850
8591188533
9768351759
9819747952
9892932263
9867555414
9594274068
9220743988
7045238377
9769239336
9773207254
9892647212
7977645873
9324188198
9892979374
9422002958
9370147686
7350899947
7028616222
9762847070
9370000146
7976350847
9421947493
9850620903
9420002037
8806613010
8080784072
9096720777
7720082927
8806409191
8554879994
9172915459
9822903414
9075092225
8446886361
7057950045
7744017161
9049621332
7775005656
9890874507
9766334357
9011687254
7263811280
9028827171
2026128821
9970733911
7972761428
9075907522
2029518030
9730023946
2025284301
8380091803
7838269440
9075441223
8796502277
2025535711
9923008087
9922293434
9370759059
8657166943
9370442471
2030252000
9049595592
9850016868
7666105559
9970875720
9970939663
9325683135
9088311000
9822849822
9673718669
9322862232
9960470747
9422069954
9158161313
9420484247
9823283032
9372339712
7588285501
9822431454
9763712424
9604456144
7272999711
9922117262
2025520334
9588419289
2041232975
2024264306
9021738219
9850957290
9604200030
9710905555
9028078601
7620144503
7378911110
9922093900
9822492221
9922000223
9021180371
9172739966
2045033613
9114151617
9923406429
8956070766
8005322612
9960585253
9823731990
9765171171
9921199971
8380095130
8045811554
7276469160
8956084307
9325819498
2041256678
9922141541
7498621873
9273107155
2024470438
7276020758
9822037647
9431880145
7887884454
9421012843
8793324414
9370903381
7721993531
7507909595
8668864475
9637427333
7588902953
8007301002
7251880380
8975999625
8390958593
9029935856
9604575656
9422314173
9766318328
8329054744
9823009007
8698488502
8087110170
9765906345
8484008455
9881443432
9422085890
8407940373
9822141312
2026124759
9823165190
2024430288
8956939775
9890149052
2025391723
7378636272
9850843143
9923365588
9309070211
9307554966
8261008237
9307867582
9730522957
8668621851
8446393648
9823706219
9665105198
7709484023
8329094282
8796968701
8793407909
9762641107
8149202670
8076457615
9260558205
9850413132
8551080202
9326422727
9371018033
9370951865
8484844656
9881442280
9029180821
9822639783
7757022700
9284790780
9699706911
7942760328
8062646195
8408958776
9922409101
9270391458
8868885488
8668816598
9923524277
7212567307
9321592348
7212663240
8071265275
9579956863
9960745693
9922068689
9028713684
9764064144
7212577265
7030709705
7058595905
9513170554
9588628889
7387077448
7796153626
9112006060
8208211352
8071265277
8605433444
9923114438
9340197285
8625803407
8291354229
9368618886
9890048665
7058965077
9921736587
6366438019
9028382945
8459144630
9890125577
9657195951
9890048667
9823996730
8275149838
8237111555
9171657955
9284143520
9653613524
9423288558
7887351919
8766692827
9595591074
7400498525
9930593675
9579351531
9823158616
9096085157
9527120307
8767457707
9284031684
7410504432
7972207643
9422331838
7020696350
7122593260
9960017800
8793882148
8169198184
9833793133
2262328469
2249708959
9820323361
7021990712
9082053900
9987925893
8691890308
2239487300
2225373878
7900135456
8779412168
9987879142
7506086366
9773336075
9819557109
2261569900
2241618300
8976912301
7415741562
9594294017
8879384887
2066872400
8073327752
9209656567
7206063939
9623626333
8308193334
7385276787
9657317561
7420039429
9156889035
7447447669
2040027062
9325213567
8408810055
8328356907
9620670606
9818930548
9820203850
9820784682
9819293224
9820820006
9322407617
8976685666
9820586088
9833088838
9820403127
9867284924
9920997089
9920551929
8591775100
9967572317
8108203966
9619589236
7410019077
8431440608
9960414918
9930793061
7977185363
9911203280
7304311971
8655803488
7738699254
0123000011
9653262675
8069191257
9324482899
9999932982
7439012505
9820257739
9619983844
9076008982
9987766536
9892752323
9322265318
8976587287
8976863580
2266497000
7425027051
9930097824
6352542099
9326701769
9820690562
9082222096
