7700902432
7498069303
9082946043
9527707014
7385197195
8379897987
7410789442
9921619677
8087626509
7020721396
7620548222
9022877398
8766979508
8805734338
8788443234
9021337431
7385065348
9922800719
8485858972
8975892656
9923129195
8071649348
7588370893
7588875903
9673304392
9421089564
8071326835
9422468386
7942728451
9922270923
8087331985
8071326817
2382220722
9049878181
8149702171
9764641464
9028666863
9881850803
7337802364
9822614955
9764299992
8879060749
9685818181
9421364907
9921032914
8766745923
8087422239
8037839451
9822694670
9922737517
9096811357
9423720894
8424819819
9763652075
8888511770
9960667027
9823093910
7262241244
8830058055
9403319668
8600290914
9422180318
9970057220
9096797040
8806089854
7020713609
9022454635
9689330191
8767229709
8483884274
8806905257
9850185140
9922215329
8830996657
7888227117
7972229495
8830916188
9421271925
9403239334
8799902232
9860239630
8459875338
7030765155
7083932432
7709347071
9697701430
7774901225
8081095870
9309823262
9588696002
8830986798
9370388350
9545119224
7058224435
9960452994
8308586073
9370724950
9325549446
8087491676
9423766924
9970774731
7447876255
7776081437
9370325886
9766552064
7869684546
8898503403
2148350000
9594840462
7045336144
2269246500
7400388971
8779102007
9167847920
8602101000
2227457171
9109024791
8867181100
8068172518
9920399334
7626865686
7977424851
8976868346
8369022360
9769506070
9920090552
7021215645
9702887803
8286693660
8082758855
8433552535
9773777750
7350056117
8652712435
7777028999
9870815333
8355892201
9820114737
8169508494
8828823337
9619260006
9969066101
7021239838
7021635349
8286351172
9892805777
9324568953
9004210465
8108012697
9224711999
9112242612
9833351282
8976707535
7666841397
8108831372
9594066363
9892727145
7385530889
8007480074
9421134326
9767777057
8291144643
7506533292
8071331347
8793012103
8828283833
2268381900
9969343832
9892959442
9867386994
2261536700
9820013001
9833503728
8928857352
7039121520
9322291519
9820999886
9870688130
9833060786
8898986730
9167865086
9920100150
9892292555
7232053816
9966963978
2246620881
8097586466
8291151787
2242956000
9619135223
9773527277
9076141786
8369179255
8097522733
2226342326
7977589396
8369665795
7303882923
9821463786
9896827727
8591874231
9870786286
9594613891
8454988785
9819237064
8062913004
9769167340
2266804545
9819387120
8828709945
9987979399
9920160941
9833152986
7417179999
7208527252
8169081086
9214330529
9022233249
9405564424
8149784699
7276041111
9158781420
9561694898
9423123023
8208382817
7588773796
9130093309
9764617101
8037394862
9421694316
9146932022
9029020210
9028172055
9922331565
9371455884
9422220555
9527938280
9322602091
9511765840
9422736514
9423378646
9172658928
9518925335
7977352693
8655314471
8356941131
8591044966
9793932451
9819974715
8691007425
9867290622
8850602382
9321101717
9967111302
2261487300
9167899909
9773375525
9004753837
8001232830
9004958886
2245045900
9829864624
7021164076
8002587735
9821527511
7020973768
7208782027
9067776351
7796039991
9987794974
2235996281
2223511497
9310243081
8004199055
2266100238
9136312099
9137426535
9820481899
9892222242
2246014488
7045964405
9930371586
9892655449
9833232480
8169004863
7021431876
7414917172
9664341513
7021437151
9867958900
8879890798
8002005835
2249729970
9167446813
9867429809
2261285566
2240062004
9321603416
2226735123
2228472996
2249711576
9820434355
9225327760
9421710196
2228451022
9892292042
9021477904
9850399600
2572225720
7020004180
2367245475
9921791324
7434015555
8657513287
2242977000
9920629661
2226831111
9893036665
9325707002
7065300886
9892059587
9323287758
9819966333
9833151550
9869777898
7400374462
7977515433
9167423035
8108126332
2241129999
8169897133
9323591799
2249716779
7272072072
8369083208
9870473096
9867521184
9867573399
8169195171
9819121512
9987704466
9769189105
8655772476
8097410720
9967577706
9867738315
8425008800
9619209777
8080401111
9820129208
9819175669
9004242987
8080774646
2225644757
9820341634
9892298933
7021918752
9820600605
8422077225
8779046275
9987250035
9322037740
9819077779
8007076042
9403312744
7058732684
9404300768
8888687662
7020677443
8830336505
8421096527
8888820741
7887617190
9423612198
9146990142
9975329777
9370501602
8766904703
9112345526
7350404498
7743983382
9765232000
9359307863
9404889849
8421091439
9890822144
7249010606
9422923079
9822221211
7232244287
9763787868
7499617152
7798555477
9325185971
9834433754
9637333444
9405476454
9090899091
9511714890
9763936393
9011703459
8983710813
8624888892
9527490190
8605013437
9021274972
8446650006
7499772128
9356872814
9763982923
7620582398
8975664084
8830584379
9011490608
7709621017
7397858631
8482976107
9699796322
8169425673
8080503737
7588800021
8007374123
8652031954
7021127175
8850673366
9987864071
9326513372
8657462406
9821135112
7557636767
7021767474
9892574924
7208160162
9920958899
8369884215
9820984142
9004680575
9870014101
8691985937
9820026270
9029287196
2225610903
2222058181
9324149544
2241498786
7666013000
2225400076
8369039443
9004395028
9004005382
2261717728
9870007886
2225600147
9421904094
7058165404
7276204597
8604042525
8412029102
8806109137
9172446550
9960705007
8888004799
8788862023
9552525235
9545476493
9890322087
9011913913
2118266020
7378333555
9404684764
9923389697
9822304610
9767080714
8484815353
9819808364
9823562926
9422798042
9373104142
8262006648
8983646403
9890236231
8380074555
8956770162
9421269827
9422998552
9421145845
7498071365
8554045317
9653660938
7020571360
7378876809
7448002020
8169627296
9422998248
9545998413
8788880560
9420206464
8275366136
9158597966
9423282191
9175406764
7304793255
9689925780
9890709448
9772051575
9890823239
9021260148
7666911057
8928658161
9284078235
9552125060
7744051146
8855808245
9096628180
9923164828
7588462213
9422381336
9071348273
9404344434
9730439366
9405765154
7083574221
9137483683
9422357455
9923639279
9421144537
8550920717
9527501067
9766006667
9673964148
9403558123
7039029765
9890830701
8308515776
9403348206
8087855174
9422238308
9404743030
8830782671
8390351212
9422484627
8291602205
9665701199
9834255464
9405747760
8007635087
9970373465
9422584550
8485010898
9021105842
9420258599
9823775111
9422434515
7219816947
8071326849
7030529404
9890252312
7709815816
8600721107
9765901696
9766331066
8412094242
9158995454
9309800970
9137714609
7028292966
9130055009
8275793277
8805554734
8956660551
8956892385
7620022023
9881996633
6262006777
9762279791
8788588181
8805565253
9309490135
9619856974
9657257676
9112234519
9764267998
7888281109
7293931312
2112227226
9225542055
7448212809
8888996633
9270370301
9970746460
8275104242
8956544151
7798321655
9405940579
7219848585
9819382909
9623583842
9860651786
9665107700
9172346003
2112239540
8686558080
9594940991
9404113335
8698682224
9096660785
9607772227
8668952193
9970443424
9423251651
9823031492
8779401499
8087565852
9324077777
7387871144
2243439900
7276257696
7720097502
8378955975
7840902152
2114304306
9922960489
8956575365
9763809889
9371028078
8830935769
9850058443
9762951619
9371206863
9823361506
9765610067
9923128126
8956456281
8999616257
7447660011
7972976199
9762826654
9011924775
9028282852
9226644190
9028847966
9049778010
8411985568
9766101721
8888899444
9112233669
9657602020
2114302254
8291572887
9136661220
9833141311
9130006950
9657156561
8983064844
9860070809
8149747274
8087875242
9809319898
8888051367
9823693694
9372411011
7020602494
9422304571
7768844477
9820848760
9637837959
9319860099
2265455000
7391883544
8830038119
8600840999
9422094430
2194263841
9226589999
9662654107
7517354760
9225959234
8421717171
9028345268
9923003160
8149388780
8975002909
8956210516
9604886949
9075368899
7387484847
9405862316
9028190080
9822578858
9923780046
9273110273
8390902616
8805025521
7350783731
9858431212
9667752638
9011777661
8149916339
9822461023
8788848759
9822571404
8275840041
9067251670
9049524045
8149431234
8177802487
8149802066
9371571511
2472224425
9665409393
8291113299
2141223299
9833139219
2265007003
9421493470
9921223188
7821061609
8421775269
9552006804
9373456899
9823538835
9823154470
8069865821
9860188483
7823899285
8698540424
9322150699
9822785924
9823178999
9921123444
8625936009
9623349680
8934523329
9685935255
7229932000
9769636098
2226733700
9137335321
9372788011
8291235809
2249726161
8382914882
8369740702
2226732841
7506346896
9980655944
9769503204
9619958615
7558658802
8979324100
7899306662
9768748842
8828066570
8850258508
9967800049
7208975360
9082465581
7400462870
9704081113
2267411382
8591885077
7838553736
9004672311
9769920320
9892082432
8104966517
8000593488
8104170208
7403999333
2265855523
8779478388
2226744451
2242645678
9892939970
9821470822
8421177887
8433931197
9920729218
9137295705
7715024672
9372980740
7738926768
8108816678
9552288555
9657993337
7499084399
7507249334
8001235365
7276120832
9226483840
8378888837
9850189578
7499993087
8530206370
7020079867
9987082254
9890055050
8149573504
9922716577
9987210442
8830586656
9272707318
7887889617
9822580128
7378753645
7744972111
8975034280
9420358483
8007960754
9011326106
9049107894
9420798834
8975686080
7276192410
9423273434
8459570664
7378355312
9075721512
9403786771
9167769672
7378505153
9420935050
9769059290
7414963154
9869194092
9028663269
9324217432
9422576977
8454945494
9823836677
7709994248
9320747798
9823082460
9420424681
9404173198
9967480628
8433695555
9404965605
7028174574
8591196270
7039711155
9594917588
8090105025
7559253066
7755914558
9004693930
9422381796
9421191533
8879875505
9869338434
9860642342
8208392238
9820528163
7385314443
9322771103
9822320558
8879303335
9820564253
9769762323
9158740456
1997576341
7507332288
9619665569
8097541782
7045455511
9689242414
7796150444
9552933876
8268762279
8668590691
8668454432
9326456745
9892072666
9890919101
8275520782
7263255185
8999512136
2512731234
9665000652
7385113560
9970471600
8237244189
7754809381
9833037208
9665561600
8275088707
8048051861
8969201700
7385769737
9422165767
8275036806
7350559001
9850401507
8408937641
8421425624
7232244153
7709847626
7943443840
9975783998
9834686140
8275035359
7588758001
9422162691
7242457772
7242440156
8788540713
9370155150
9004009159
7770031698
9503892483
9999814296
9156924415
8767601271
8149250928
9730753945
9028711941
8087159328
9579915551
7821096438
9423638239
9604072475
7385972465
9011282545
9764971786
9970665604
8888870670
2564222506
9860936035
9637521852
9503420512
8380080058
2562275122
9545298060
9422467346
8929384654
9561589180
9029119023
9867767040
9527806229
9373425511
7020545158
9422217819
9834749490
7774015470
7184256031
9764290686
8898874121
8071648457
7775066668
9503252919
9890296113
9323653746
9922440063
8669130271
8888051109
9422170367
9323686758
9767439032
9323203432
9321688473
7038269090
9673401034
9881813448
8788872772
9637288832
7218026429
8446562148
9922665756
7242410765
8805977423
9226976996
9970315527
7249146019
9422708868
7276747343
9561917792
9373375014
8668811879
9623864584
8805564560
9766890403
7721924392
9763525384
9309125957
9307956760
9356282953
9156911851
9890984719
8600447070
9172060433
7972538865
9209651514
9028055588
8208458843
9175415703
9307018641
9075504877
9764105746
2472222016
8007002699
9850706030
9988340240
9595254367
8530224251
9371725255
8975220049
8208327473
8669300254
8668354245
8888082613
9356300657
9421708712
9860814100
9503481870
8010431368
9767012055
7028277531
2382221181
9820442795
9930706066
9325920702
9673697581
9209039556
9975667581
7796991000
9422216823
9921797404
7775806025
9371290891
8600526754
9503592137
8275268600
8014147171
7083808380
9766933895
2442224282
9421349958
9890468941
8827135321
9370362363
9764403797
8484069797
9049615999
9665660313
9270245645
9518544599
8793941300
9823168094
8805031957
8149000443
8793802810
7378859500
9604125013
9422069954
