7700902432
7498069303
9082946043
9527707014
7385197195
8379897987
7410789442
9921619677
8087626509
7020721396
7620548222
9022877398
8766979508
8805734338
8788443234
9021337431
7385065348
9922800719
8485858972
8975892656
9923129195
8071649348
7588370893
7588875903
9673304392
9421089564
8071326835
9422468386
7942728451
9922270923
8087331985
8071326817
2382220722
9049878181
8149702171
9764641464
9028666863
9881850803
7337802364
9822614955
9764299992
8879060749
9685818181
9421364907
9921032914
8766745923
8087422239
8037839451
9822694670
9922737517
9096811357
9423720894
8424819819
9763652075
8888511770
9960667027
9823093910
7262241244
8830058055
9403319668
8600290914
9422180318
9970057220
9096797040
8806089854
7020713609
9022454635
9689330191
8767229709
8483884274
8806905257
9850185140
9922215329
8830996657
7888227117
7972229495
8830916188
9421271925
9403239334
8799902232
9860239630
8459875338
7030765155
7083932432
7709347071
9697701430
7774901225
8081095870
9309823262
9588696002
8830986798
9370388350
9545119224
7058224435
9960452994
8308586073
9370724950
9325549446
8087491676
9423766924
9970774731
7447876255
7776081437
9370325886
9766552064
7869684546
8898503403
2148350000
9594840462
7045336144
2269246500
7400388971
8779102007
9167847920
8602101000
2227457171
9109024791
8867181100
8068172518
9920399334
7626865686
7977424851
8976868346
8369022360
9769506070
9920090552
7021215645
9702887803
8286693660
8082758855
8433552535
9773777750
7350056117
8652712435
7777028999
9870815333
8355892201
9820114737
8169508494
8828823337
9619260006
9969066101
7021239838
7021635349
8286351172
9892805777
9324568953
9004210465
8108012697
9224711999
9112242612
9833351282
8976707535
7666841397
8108831372
9594066363
9892727145
7385530889
8007480074
9421134326
9767777057
8291144643
7506533292
8071331347
8793012103
8828283833
2268381900
9969343832
9892959442
9867386994
2261536700
9820013001
9833503728
8928857352
7039121520
9322291519
9820999886
9870688130
9833060786
8898986730
9167865086
9920100150
9892292555
7232053816
9966963978
2246620881
8097586466
8291151787
2242956000
9619135223
9773527277
9076141786
8369179255
8097522733
2226342326
7977589396
8369665795
7303882923
9821463786
9896827727
8591874231
9870786286
9594613891
8454988785
9819237064
8062913004
9769167340
2266804545
9819387120
8828709945
9987979399
9920160941
9833152986
7417179999
7208527252
8169081086
9214330529
9022233249
9405564424
8149784699
7276041111
9158781420
9561694898
9423123023
8208382817
7588773796
9130093309
9764617101
8037394862
9421694316
9146932022
9029020210
9028172055
9922331565
9371455884
9422220555
9527938280
9322602091
9511765840
9422736514
9423378646
9172658928
9518925335
7744883322
9921114151
7719900034
9422162264
9370684384
9096989696
2367245475
7507513557
9423128729
8698634581
9421528500
9420147425
8275354604
9404824678
9224446050
9822278207
9604250831
9545048530
9157349157
9307889523
7704083200
8668998969
9607563564
7378482959
8668395835
9850330491
8432000108
9422866700
8552837635
7058223931
9049333822
8408063535
8999216038
9764508506
7057965555
9657000957
8830626627
8668760699
7507233450
9284216272
9699021908
9922661577
7038790880
8484867576
8888287065
7799442299
8208369915
9579447658
9937377237
7822019849
9595272555
8888464456
8008755375
9970709191
9225327760
9421710196
2228451022
9892292042
9021477904
9850399600
2572225720
7020004180
9921791324
7020677443
8830336505
8421096527
8888820741
7887617190
9423612198
9146990142
9975329777
9370501602
8766904703
9112345526
7350404498
7743983382
9765232000
9359307863
9404889849
8421091439
9890822144
7249010606
9422923079
9822221211
7232244287
9763787868
7499617152
7798555477
9325185971
9834433754
9637333444
9405476454
9090899091
9511714890
9763936393
9011703459
8983710813
8624888892
9527490190
8605013437
9021274972
8446650006
7499772128
9356872814
9763982923
7620582398
8975664084
8830584379
9011490608
7709621017
7397858631
8482976107
9699796322
9552610203
9850377417
9834776001
9689925780
9175690298
7066303107
9561015413
9921922907
9028232336
9922338213
7387107252
9351238163
9763290811
7888271921
9076100567
8459591801
9422160921
9130694963
9689585346
9850772307
9011852551
7898123451
8390278458
9561300383
8600407008
7378791646
8830168746
7499573455
8087135472
9604773779
9146725008
9834720946
9665554412
8605119307
9356683917
9309895991
9833192011
9325265150
9764748937
9834471285
9373465910
8446374491
8657390952
7378648285
8830517806
7499830704
9822927920
7721964400
7711007736
7434015555
7796039991
8657513287
8007076042
9403312744
7058732684
9404300768
8888687662
8169425673
8080503737
7588800021
8007374123
9867738315
8652031954
9767080714
8484815353
9819808364
9823562926
9422798042
9373104142
8262006648
8983646403
9890236231
8380074555
8956770162
9421269827
9422998552
9421145845
7498071365
8554045317
9653660938
7020571360
7378876809
7448002020
8169627296
9422998248
9545998413
8788880560
9420206464
8275366136
9158597966
9423282191
9175406764
7304793255
9890709448
9422144440
7385606820
8407944063
9766135942
9803173739
9699500790
7972716937
8806754972
9960080283
7249787474
8806014232
7756885166
9822946634
8983788597
9011147611
8459329434
9075020415
9834921360
7387756572
9975105745
8888780232
9326053292
9371177844
9021260148
8080301863
9766678646
8668917443
7387935678
7798315606
7218152851
8446022452
7152242737
9881055511
9822240689
9890702702
7709633441
9420683727
9975959596
9325732565
9890566175
7720089919
8793267736
8999600517
7152240316
7796376092
9975320201
8821969101
8554963930
9359330277
9772051575
7666911057
9055592000
8668264490
9923369471
7567123736
9730939807
9122733955
7066976243
9325512001
9834440907
9272131651
7773923918
9322473898
9307171194
7840988043
9422142685
8432361661
9730902733
9370579511
8329267746
7058631238
9604559994
8600177072
9028173111
9588698674
9325161454
9284640156
9860486013
8830359119
8856863438
8459942964
8329354477
8983545832
7030865842
8600821469
9422339796
8669524303
7499568546
8080387267
9146933054
9579850528
8329153729
8309479359
9766143663
9403302640
8482804998
9764959500
9552100040
8855041438
9226526193
9890823239
8928658161
9284078235
9552125060
7744051146
8855808245
9096628180
9923164828
7588462213
9422381336
9071348273
9404344434
9730439366
9405765154
7083574221
9137483683
9422357455
9923639279
9421144537
8550920717
9527501067
9766006667
9673964148
9403558123
7039029765
9890830701
8308515776
9403348206
8087855174
9422238308
9404743030
8830782671
8390351212
9422484627
8291602205
9665701199
9834255464
9405747760
8007635087
9970373465
9422584550
8485010898
9021105842
9420258599
9823775111
9422434515
7219816947
8071326849
7030529404
2118266020
9890252312
9607772227
8668952193
9970443424
9423251651
9823031492
8779401499
8087565852
9324077777
9168682255
9763796456
9370768903
9823920611
9657001799
9270793315
9403353662
7499963840
9307972082
8421009977
9049094058
9325502675
7875957011
8007614786
8600861793
9359442158
9011385831
7838173138
9370044084
8668787589
9370833008
7410717754
7768019750
9356282115
8668402991
9673515254
7350895961
7020944787
7709977553
7774824208
8087113379
9373452252
9604321013
8600597969
9834266512
9552227186
6268055097
8888463763
9421732506
7774933463
9021653698
7559417179
7558353486
9403237806
8275871576
9423422337
9527097655
9657520515
8788619176
8080931484
9405986836
7387871144
9422915325
9423765775
9689056056
9623936236
8208553737
8044939040
9673493593
9921508835
9527682266
9422200021
9834699694
9552831132
9881007999
8180067423
7769064991
9764240255
9767426907
9822216804
9158736659
9168494499
9175332399
9423144385
9975492244
9503973367
2224222726
8380888555
9822771653
9096635201
7841944606
9822234676
9960400420
8044939052
7507666113
9326207878
9405943394
9422959613
9423611510
9623666315
8421588012
9503844044
7620431175
7350000233
8668313968
8007468246
8080949941
9923023888
8804494949
9767631680
7767858972
9881238808
8044939050
9284008858
9823926633
9545634009
9607487800
9975056844
9422861313
8390928198
9156390069
9405458481
8275467260
7774944666
9404192506
9421817213
8308979689
9112233669
7822925147
7083082769
7057150800
9284113314
9518316017
9822718410
8668409319
9420092004
9423668666
8554889545
9404230512
9270705761
9423750588
9422154017
9834463603
8275785934
9404102033
8275840041
9404819171
7972389682
9067618936
9673612227
9405586999
7248992782
9028270675
9145386554
9588224121
9405324530
9404127674
8669044801
8888280010
7020462842
9834113435
9067478365
9421856718
9421432560
7083010147
9623865600
8956022265
9689007172
8010024756
7020974205
8669007077
7972506251
9511783086
9834415799
9823136731
7768967165
7057398680
9657602020
2114302254
8291572887
9136661220
8788848759
9822571404
9049524045
8459102208
7066077788
9765864880
8308844600
7020993206
7264983668
7030229131
9765931119
8888434336
7721011211
9595955422
9503854575
9373663150
9765849520
8208732759
9022716448
7558658697
9158734453
9673796230
9764412288
7182237907
9168561212
8435262982
9284737760
9032572256
9511876699
9021530464
9270579954
8459905378
9527653803
9370651032
8975173393
8390702154
9545974187
9325376302
8421700577
8421177356
7182231471
9028482198
7588880675
9970097875
8999523651
8624873907
9975223911
9890768721
9130214411
9890890902
9545375507
8281514501
9067251670
8149431234
8177802487
8149802066
9765299027
9359198304
8669880549
9370660687
9673814122
9518570669
7020786538
7821061609
9890797071
9552648067
8668811994
8888855054
9766870737
9850335480
8888711765
9356579254
7588966833
8796831519
9923972284
7972209022
9405948737
7620660619
7972640754
8485864401
8999639880
9325542355
7218812426
7798913568
7057282627
7769020051
9403358828
8149777487
7218965516
9322051024
9359219887
9022482305
9270183689
8857884925
8530771544
9423414949
9422116708
9322261976
9890626689
9307972553
9822556896
7447410033
8605904635
9112234800
9921413131
9371571511
2472224425
9665409393
8291113299
2141223299
9833139219
2265007003
9421493470
9921223188
8421775269
9552006804
9373456899
9130261833
8626036636
9391200800
9975783245
9764888811
9822618851
8830271320
9970379957
1246223388
7972236776
9422842222
9096100540
8408008777
7866017292
7020433342
9823278469
7249725719
8208894418
8149444149
9146889926
9011177996
9067490673
9156507765
7719995777
8379995470
9860082463
8888158612
7875680005
9860871941
9422172849
9067121897
8446168797
7744990022
8668453273
9970820708
9822416909
9766644101
8007880188
9975128204
8010287922
8929645635
8019987870
9921883088
9764142154
9890293498
9730786241
9325311001
9511155561
8625936009
9823538835
9823154470
8069865821
9860188483
7823899285
8698540424
9322150699
9822785924
9823178999
9921123444
9623349680
8087313114
9011384660
9657993337
9545055558
9673836999
9325276051
8805833405
7888160176
9975480960
9890362051
9960323471
9975625994
7020824556
8788006360
8459685943
9552084849
9146366258
7447613600
9657004623
9325378852
7020958474
8956386788
7058089988
7057814522
7020419393
8007777126
9922522888
9175559713
8888788558
9158446664
7709891866
2462233417
8693868601
8238885757
7558555085
7722079758
8055577866
9371644140
9404974771
9850222722
9890298726
7972932629
9422187100
9767666835
9697101303
9011488655
7798001122
9130040088
9421648784
8934523329
9685935255
7229932000
9769636098
2226733700
9137335321
9372788011
8291235809
2249726161
8382914882
8369740702
2226732841
7506346896
9980655944
9769503204
9619958615
7558658802
8979324100
7899306662
9768748842
8828066570
8850258508
9967800049
7208975360
9082465581
7400462870
9704081113
2267411382
8591885077
7838553736
9004672311
9769920320
9892082432
8104966517
8000593488
8104170208
7403999333
2265855523
8779478388
2226744451
2242645678
9892939970
9821470822
8421177887
8433931197
9920729218
9137295705
7715024672
9372980740
7738926768
8108816678
9552288555
7499084399
9518355701
9610541083
8459561757
8867897758
8600088585
7222882224
9923602786
8530600594
9890837573
9370188022
9970753674
7798799990
9860810051
7385635330
9049073153
9226913611
9923848686
9834024887
9552248946
7620974025
9420567733
9422873078
9730026061
7499865317
9730191820
9226832308
8446448836
9975757416
9822452257
9767901313
8999161409
9960960947
9270583439
9152857777
9922535337
7387822642
9168216464
9561661659
9423627853
9822825613
9503979143
2382244076
9975351731
2382255539
9422472030
9607339555
9604353312
9923215151
7499394806
7507249334
8001235365
9822461023
2452225075
7276120832
8600406440
9561719561
8828760625
8149233263
9503428484
9970638972
9604960733
8999414121
8208354686
9420327443
2382222245
8087830672
9523451212
9172898398
9421094911
7399222111
7942727298
8999125581
9021998006
9890067761
9890991827
9822453275
9370543594
9403250801
8976076965
8975151100
7083119182
7020860848
9822638663
7588332559
8485070241
7030274545
8668874179
8668566634
8888366627
8087531068
7350414342
8806408888
8552946464
9766730700
7020106830
7499186609
9730498245
