7700902432
7498069303
9082946043
9527707014
7385197195
8379897987
7410789442
9921619677
8087626509
7020721396
7620548222
9022877398
8766979508
8805734338
8788443234
9021337431
7385065348
9922800719
8485858972
8975892656
9923129195
8071649348
7588370893
7588875903
9673304392
9421089564
8071326835
9422468386
7942728451
9922270923
8087331985
8071326817
2382220722
9049878181
8149702171
9764641464
9028666863
9881850803
7337802364
9822614955
9764299992
8879060749
9685818181
9421364907
9921032914
8766745923
8087422239
8037839451
9822694670
9922737517
9096811357
9423720894
8424819819
9763652075
8888511770
9960667027
9823093910
7262241244
8830058055
9403319668
8600290914
9422180318
9970057220
9096797040
8806089854
7020713609
9022454635
9689330191
8767229709
8483884274
8806905257
9850185140
9922215329
8830996657
7888227117
7972229495
8830916188
9421271925
9403239334
8799902232
9860239630
8459875338
7030765155
7083932432
7709347071
9697701430
7774901225
8081095870
9309823262
9588696002
8830986798
9370388350
9545119224
7058224435
9960452994
8308586073
9370724950
9325549446
8087491676
9423766924
9970774731
7447876255
7776081437
9370325886
9766552064
7869684546
8898503403
2148350000
9594840462
7045336144
2269246500
7400388971
8779102007
9167847920
8602101000
2227457171
9109024791
8867181100
8068172518
9920399334
7626865686
7977424851
8976868346
8369022360
9769506070
9920090552
7021215645
9702887803
8286693660
8082758855
8433552535
9773777750
7350056117
8652712435
7777028999
9870815333
8355892201
9820114737
8169508494
8828823337
9619260006
9969066101
7021239838
7021635349
8286351172
9892805777
9324568953
9004210465
8108012697
9224711999
9112242612
9833351282
8976707535
7666841397
8108831372
9594066363
9892727145
7385530889
8007480074
9421134326
9767777057
8291144643
7506533292
8071331347
8793012103
8828283833
2268381900
9969343832
9892959442
9867386994
2261536700
9820013001
9833503728
8928857352
7039121520
9322291519
9820999886
9870688130
9833060786
8898986730
9167865086
9920100150
9892292555
7232053816
9966963978
2246620881
8097586466
8291151787
2242956000
9619135223
9773527277
9076141786
8369179255
8097522733
2226342326
7977589396
8369665795
7303882923
9821463786
9896827727
8591874231
9870786286
9594613891
8454988785
9819237064
8062913004
9769167340
2266804545
9819387120
8828709945
9987979399
9920160941
9833152986
7417179999
7208527252
8169081086
9214330529
9022233249
9405564424
8149784699
7276041111
9158781420
9561694898
9423123023
8208382817
7588773796
9130093309
9764617101
8037394862
9421694316
9146932022
9029020210
9028172055
9922331565
9371455884
9422220555
9527938280
9322602091
9511765840
9422736514
9423378646
9172658928
9518925335
2228186762
8035469520
9819479108
9768888444
9702734098
2264515556
8369719294
9594203750
8433968292
8976110000
7208853678
2228451022
9819210379
2271072600
2228197635
7021995352
9987147748
8655363382
8002667576
9702991978
2235945005
1800228595
9820737415
9969499579
2228126590
9167480050
8971090909
9321634881
9513439043
7034503906
7738390275
8806833667
9920116622
8689938828
2228186904
9820528728
9004344744
8879176377
8369696606
9029025568
9220100200
9594444473
8828822922
7738839935
9821083243
9920324644
8591005256
9967576555
2226237932
9573827962
2266117777
2226283616
9999999983
9598317680
2267085491
8600890863
7208928856
8879028513
9867769827
7208517111
9225327760
9421710196
9892292042
9820666470
9321239215
8452810446
9833480707
2242313500
8898931588
8879567588
9167534675
8424012627
9821409774
2246057766
9920669298
9820387176
8080616861
7406222118
9689872279
9619324908
8788294559
8097174322
9821696835
9769648997
9769626185
9967724335
9152800879
8928158380
8828830096
7028064881
8951757009
9833537971
9819532811
8108167176
9870059887
8591987332
9960588502
9513176456
9594994992
9819033853
9867081899
9920686188
2226348490
7021551782
9892666407
8576893486
9082815595
8291924212
8929090779
9560557644
9513175592
9867840060
9021477904
9850399600
2572225720
7020004180
7434015555
8451845565
2232982178
7208655981
7506330475
9987909907
8035469487
9777778110
8097512951
8879991866
9930028061
9930031585
9152280811
8097348711
7900003224
9136663355
7045457272
6376489586
7506402002
9820975142
9699699048
9892660681
8035469531
2267549800
2242764276
9106752116
2246069002
9773489502
7715944146
1800111345
8879001592
2266789000
9766882280
9320636423
9867974142
7340360011
9930088522
2226323315
9867312121
9833936564
4567891002
2226739000
2261668866
2266960172
8002666868
9920685409
9833332220
2268189700
9167907444
9892723712
2367245475
9921791324
7796039991
8657513287
8007076042
9403312744
7058732684
9404300768
8888687662
7020677443
8830336505
8421096527
8888820741
7887617190
9423612198
9146990142
9975329777
9370501602
8766904703
9112345526
7350404498
7743983382
9765232000
9359307863
9404889849
8421091439
9890822144
7249010606
9422923079
9822221211
7232244287
9763787868
7499617152
7798555477
9325185971
9834433754
9637333444
9405476454
9090899091
9511714890
9763936393
9011703459
8983710813
8624888892
9527490190
8605013437
9021274972
8446650006
7499772128
9356872814
9763982923
7620582398
8975664084
8830584379
9011490608
7709621017
7397858631
8482976107
9699796322
8080503737
9322641435
8779297319
8286187473
9152266650
9137241637
8850381303
8642050505
8035469516
9702995550
9167340490
7045698478
9930332131
7506001963
8369059556
8080629629
8080601600
9766026941
2262284444
9819808364
8035469528
8169195171
9769189105
2249624541
9022619525
8048123038
9819536356
2225644757
9930965656
9820926240
9820466499
9326630485
9870338415
9664141214
9082955179
9975221005
8275900590
7942727283
9960528606
7758034333
9730357435
9619613078
9975040003
7387336666
2112226689
8448488203
9822446392
9049177577
9688000505
9850749900
8169425673
7588800021
8007374123
9867738315
8652031954
9767080714
8484815353
9823562926
9766059060
9921596596
7057009131
8062914034
9225542055
8805259780
7350840222
8605328688
9096286863
9325313454
2112324232
7385349080
8390001761
9403627411
9373947555
9850503663
8308334444
9225518135
2112227177
2112298485
8380084542
8080121250
9890515906
8862089006
9623000730
7709418084
9975837575
7058375152
8459038606
9623826655
8379935343
9730552824
7219131807
9623649896
9975077486
9970856394
9075706102
7058612345
9545146661
8600227879
8087890034
9049573939
9922339969
8408996600
9011014580
9856609856
9960366466
7767835999
8369377517
9422798042
9373104142
8262006648
8983646403
9890236231
8380074555
8956770162
9421269827
9422998552
9421145845
7498071365
8554045317
9653660938
7020571360
7378876809
7448002020
8169627296
9422998248
9545998413
8788880560
9420206464
8275366136
9158597966
9423282191
9175406764
7304793255
9689925780
9890709448
9772051575
9890823239
9021260148
7666911057
8928658161
9284078235
9552125060
7744051146
8855808245
9096628180
9923164828
7588462213
9422381336
9071348273
9404344434
9730439366
9405765154
7083574221
9137483683
9422357455
9923639279
9421144537
8550920717
9527501067
9766006667
9673964148
9403558123
7039029765
9890830701
8308515776
9403348206
8087855174
9422238308
9404743030
8830782671
8390351212
9422484627
8291602205
9665701199
9834255464
9405747760
8007635087
9970373465
9422584550
8485010898
9021105842
9420258599
9823775111
9422434515
7219816947
8071326849
7030529404
2118266020
9607772227
8668702715
8657589608
8108597855
8806424482
9850237070
9881146353
9270484920
8554037888
8308471673
9028603770
7719999597
9890392466
2114272438
9372463812
8308308373
7969792038
9822272244
9766258974
2114273350
7709308108
9152288252
7385222600
9326163596
8070900888
2249399550
9819739444
8381004848
9324077777
8530874685
8381094747
8048036850
7507976146
2114274524
7304105091
9765709013
0030007440
9511208076
7498582152
7775858980
9822930152
7770001494
9819332666
8149611641
8830587949
7969316141
8369823171
9673031333
8888312533
8411865104
9890252312
8668952193
9970443424
9423251651
9823031492
8779401499
8087565852
9168682255
8010550756
8888077877
9820689634
9004558173
9820162646
9833841579
9820327722
8380000958
8766664026
7276134257
7506777766
7666292929
7420080555
9920861098
9820927475
9892393935
8080786083
8856858980
7400303343
9820077288
9930290144
7517775787
9226542944
9850665685
9860529954
9822836353
1246201126
9028279023
9167071735
9284455054
7507891037
9607563334
2148223999
9152057497
9820062949
8411853118
8097252444
7318884016
7020836190
9321050263
8169508347
7517077555
9945988637
8976539872
8179403146
9545175178
9423756431
8379836392
8422805251
9422142685
7387871144
9763796456
9422915325
9423765775
9689056056
9623936236
8208553737
8044939040
9673493593
9921508835
9527682266
9422200021
9834699694
9552831132
9881007999
8180067423
7769064991
9764240255
9767426907
9822216804
9158736659
9168494499
9175332399
9423144385
9975492244
9503973367
2224222726
8380888555
9822771653
9096635201
7841944606
9822234676
9960400420
8044939052
7507666113
9326207878
9405943394
9422959613
9423611510
9623666315
8421588012
9503844044
7620431175
7350000233
8668313968
8007468246
8080949941
9923023888
8804494949
9767631680
7767858972
9881238808
8044939050
9284008858
9823926633
9545634009
9607487800
9975056844
8390928198
9867248481
9167345481
9049773333
8356075095
7769930830
7058238753
7030842727
9284074789
8805610788
9112233669
9665496310
9588643311
9921943774
8975622807
8983321315
7573032122
9923283666
9321495963
2194263889
8793728210
7907808503
9226365555
9370333019
8128458128
9272288087
8007635050
1244330561
9673173322
8999822143
8145580770
2143299056
8425858741
7276215441
8433993743
9307520798
9423379370
7506091467
7028372458
8356962420
2143277990
9637534811
9767685531
8407912777
7057878184
9763592979
8412044252
9028627186
8624880060
8104534345
9765437711
9326463539
9028143980
9665053121
8591844485
9049099157
9136434899
9028600738
9637552953
9028370606
9657602020
2114302254
8291572887
9136661220
8788848759
9822571404
8275840041
9067251670
9049524045
8149431234
8177802487
8149802066
9371571511
2472224425
9665409393
2141223299
7756838900
9767978883
7066000908
9823183704
9209998883
2363271041
8411985831
9423305106
9552795403
9890728198
9284072176
7741930808
7507797922
9421533097
9404917159
7030163394
9689090722
7387607550
8530681115
2355261805
9273165111
8149435151
9225586884
7798724344
9545003366
9325996822
7620683471
8605561440
7066707045
8779666858
8530807007
2355250384
9146160505
8390943714
9970608199
8904009547
9822883488
2355252044
9920527857
7709221498
8308411562
9327344819
9420210253
9766419766
9823331107
9373896240
7378753645
7744972111
8975034280
9420358483
8007960754
9011326106
9049107894
9420798834
8975686080
7276192410
9423273434
8459570664
7378355312
9075721512
9403786771
9167769672
7378505153
9420935050
9769059290
7414963154
9869194092
9028663269
9324217432
9422576977
8454945494
9823836677
7709994248
9320747798
9823082460
9420424681
9404173198
9967480628
8433695555
9404965605
7028174574
8591196270
7039711155
9594917588
8090105025
7559253066
7755914558
9004693930
9422381796
9421191533
8879875505
9869338434
9860642342
8208392238
9820528163
7385314443
9322771103
9822320558
8879303335
9820564253
9769762323
9158740456
1997576341
7507332288
9619665569
8097541782
7045455511
9689242414
7796150444
9552933876
8268762279
8668590691
8668454432
9326456745
9892072666
9890919101
8275520782
7263255185
8999512136
2512731234
9665000652
7385113560
9970471600
8237244189
7754809381
9833037208
9665561600
8275088707
8048051861
8969201700
7385769737
9422165767
8275036806
7350559001
9850401507
8408937641
8421425624
7232244153
7709847626
7943443840
9975783998
9834686140
8275035359
7588758001
9422162691
7242457772
7242440156
8788540713
9370155150
9004009159
7770031698
9503892483
9999814296
9156924415
8767601271
8149250928
9730753945
9028711941
8087159328
9579915551
7821096438
9423638239
9604072475
7385972465
9011282545
9764971786
9970665604
8888870670
2564222506
9860936035
9637521852
9503420512
8380080058
2562275122
9545298060
9422467346
8929384654
9561589180
9029119023
9867767040
9527806229
9373425511
7020545158
9422217819
9834749490
7774015470
7184256031
9764290686
8898874121
8071648457
7775066668
9503252919
9890296113
9323653746
9922440063
8669130271
8888051109
9422170367
9323686758
9767439032
9323203432
9321688473
7038269090
9673401034
9881813448
8788872772
9637288832
7218026429
8446562148
9922665756
7242410765
8805977423
9226976996
9970315527
7249146019
9422708868
7276747343
9561917792
9373375014
8668811879
9623864584
8805564560
9766890403
7721924392
9763525384
9309125957
9307956760
9356282953
9156911851
9890984719
8600447070
9172060433
7972538865
9209651514
9028055588
8208458843
9175415703
9307018641
9075504877
9764105746
2472222016
8007002699
9850706030
9988340240
9595254367
8530224251
9371725255
8975220049
8208327473
8669300254
8668354245
8888082613
9356300657
9421708712
9860814100
9503481870
8010431368
9767012055
7028277531
2382221181
9820442795
9930706066
9325920702
9321104136
9354456577
9921359192
9923757706
7875085230
8888859352
9765043908
9763226001
7038574271
8149751815
9209588198
9604543113
9960945822
9421082107
8928195153
9595242932
8446002011
9822079468
9823355935
9011576080
9423141218
7620666932
2452242900
8929174412
8208406708
9921128161
9822222274
9075431361
8062914624
9307562307
9860875132
9921145789
8275950028
9689898973
8329461080
9356572490
8830030456
8623834468
7796119900
2452249355
9403207575
7378769235
9763238708
9273374888
2271073479
9420529899
9112390754
8888903528
8412032486
8070056777
7020440544
9422175551
9867330421
7242432880
9820896040
9579419999
9970950942
7770007245
9892478765
9152422072
8850687739
8805000900
9920791595
9004480007
7021196724
9820630697
9819773347
9689688323
9096260809
8898356957
9819404798
9324994678
9594818181
8484003154
9373495585
9326685799
8433907279
9970556900
9699116115
7385053270
7385656104
8691035009
9823982270
9860290736
8356942739
8169119742
7044443050
9136778212
9975668440
9673639989
8459416440
9918082006
9503150981
9619750217
7378674110
9890399746
9082183801
8169854449
9322390500
9175148086
9552683621
7498244110
9075574509
8793774467
9767730064
8329451789
9867020786
7030234643
8795993207
9833533893
8291843666
9322277475
8433333370
7972989140
7718848156
8104771355
7400344061
9004778309
7666777390
9004140069
9372114151
7583888999
2225375045
9307980134
8767089712
9823470805
7887499514
8282898484
8013131888
8501048841
9987263076
7218585000
8369182020
2452233007
8857982588
9834224477
9850638143
9404564042
7719036449
2382255905
2382221670
7023106830
8483834148
2382252517
2382255525
2382226636
8275829393
2382254554
9960592532
9604840644
9404238299
9405776277
7486022899
9209075178
2382256890
7058986786
9545300058
9403934747
7020367577
9028870489
8830181527
8208188774
7770017752
8087760815
7020321741
9665135735
9420394278
8329634749
9021767429
9359007351
9923823233
8788112348
7875078128
9011659057
7966247269
9860530260
9923096147
9890056099
7774802418
9960404944
9420232956
8380848859
9975127430
7769035022
7770000080
8888426664
8237230920
9860109613
9637269319
9545088074
9890352774
9011168883
7517558468
9420912037
8208486772
9325853878
7559394398
7517983656
8483033333
8408942318
7038724288
9970796645
9923130761
9765358440
9890256528
8888865898
9970972100
9730646530
8380910003
9359332066
8329049169
7020713510
8999036851
9130856060
9730954360
7387533773
9595670077
9860946115
9850747009
9112721961
9689130000
9130074530
9850384688
9730831341
8806645000
9130088074
2462256505
9028166393
8149705125
9421441542
9096357503
7499906242
9975740892
9403856044
8080848021
8048209740
9527196937
9921535765
8796337767
9860165205
9130429595
8591983361
8779405866
9987225111
9324011274
2249741140
9082542949
9821285328
9820522779
8169615299
8655522634
7301041410
8291451672
8655496615
9324080896
7208371993
9967034394
8108978372
7385242464
6200147998
9702040909
9322832766
8591983363
9321596196
8779394546
2233043500
8275142709
2225522705
9324498299
7045502171
2225564052
9850950077
9137202013
9209295210
2223723296
9322281840
9920371552
2223722628
9175179333
9597233311
8179308127
9833275725
9153534534
2261715151
2241622828
8689996996
8655228747
8446001272
9408783540
7639954333
2025533861
9767998894
9767050531
2312549191
9768301014
9702701444
9014031411
7242433465
7776959170
9167766922
7400082227
7507480604
7038644222
9545908786
8600089934
9422171811
8007514000
7529990909
9765444503
2462240013
9970796477
9890622684
9822291955
9850745554
7057301548
9923070770
9049654737
9765622000
8788983171
9921964140
9561037763
9623219865
9960708930
7276162905
9881513607
9860991220
9011255741
8605025787
2462232940
8055803881
7020898868
9890394456
9396963535
9545049900
8888337317
8275522988
9850071499
8698762221
8411800737
7719819840
9823526650
8928285063
9890912036
9765473237
9923081639
7972230763
9552865592
9890511460
9657163357
9730702942
8888888363
9222299611
8048073668
8380021464
9665124471
7420960533
8888301889
9511698370
9049890099
9284784339
9028459528
9766519238
8433842619
9819559035
8879685207
8080905520
7405234552
8356950628
8591295549
7208898444
7304923314
8879141176
8652300965
7045446060
9920943438
8898992910
9137189375
8149827086
9004582297
9820728388
9152308625
8530016623
9892757584
9370782372
9320073725
9930264296
8879879900
7900118428
9136097134
9152010535
9224259205
9004114222
9833392329
9594757972
7304051600
9833392324
9004155541
9594876155
9823023349
9860817938
7378484801
9511886528
8801515656
7875693975
8975352893
9773874074
7977448603
8740019250
2228835999
9898240577
9967136097
9167998231
8108246346
9867721047
9892242412
2229272497
2223425858
9324093288
9967342470
9769052471
9594670888
9325071081
7666944841
7798889507
9930249706
8037304141
9892284026
9833833827
2224442682
9356806514
7039531003
9321218516
7021615873
9769663043
9821425824
7757867715
7977878261
9702967008
9082292149
8976131421
8898858882
9967607308
9561919258
9167700548
2225035590
9222223069
9833160460
9967477824
7217790683
8898774300
8097717719
9136269668
2228026106
9029993060
2235120758
8080115111
8108882605
9967902800
8828044198
8976804604
9421995482
9326929280
8208325382
9892001947
9324545763
9324204921
7798314516
7977016878
9820973727
9870093688
8104316140
9699969996
9326586884
9870015528
9773289009
9702188472
8097121501
8689862936
9920665439
7666218989
8291477273
9892702279
9726875172
9867443966
7506787104
7710933713
9930961701
9223301205
8884888227
7022114114
8422096806
9323706071
9987189802
9867439734
7800808870
9152818155
9819697526
9892552018
9372805730
9649119190
7304670991
9768342613
9892066046
9869737105
9892608430
9822224229
9422861333
9637713713
8530520160
7798995818
9325836915
9823061150
9960040497
9890916494
9561322132
9766098313
7757016999
8975819953
9423649118
7507764434
8446013404
7212520060
7038421795
9696969986
9975893989
9022166170
9421619200
9764994879
9822092114
8989848910
9850408355
9423187443
9822637861
9028896834
9545656158
9822243399
9823235536
7387737737
9657603913
8087019295
9923377776
9975367595
9822075421
9271711616
9405058241
2412779835
9422220486
7499368306
9890174172
9423793348
9834733796
7887395983
9403378501
9822078502
9112288622
8077125139
9422109540
8805664612
8657777797
9890174040
9823344344
8047636880
7719866877
8042755249
7020793900
9422819020
7774007633
8805006988
8037499838
8999427583
8048034062
9075104364
9075075926
8857977889
9822220699
9422104724
8208284859
7499058513
9326888001
9392035377
9359374532
8055811112
9371317110
8180895765
9890327246
8928624660
9372304091
7122550019
9225212545
9326633330
7020914910
9527442828
9423816241
7066667879
9764411808
8000218885
9371266471
9579126380
9370617678
9326050054
9373125020
8421019184
7387861808
8099555049
9503619000
7788888009
7447331888
8857973092
7720894734
2141295839
9967271104
9833700676
9422375112
8929933106
9699360370
9930146140
8850275917
9967545545
8308848116
7977315017
9987540357
8433804351
9822836575
2143283833
2143253307
9762505353
9967587155
8002706088
9082339447
8291443318
9766389648
9446077950
9607560004
9960862504
8281825516
9867726575
9326186076
9028688577
8983095069
9519524824
9833258456
9892763199
8657878563
8055579965
2242764444
9326167706
8169509709
8108745275
9595889198
9321173184
8433999559
9311880399
8087684869
8976780913
7066315492
9820657675
7700047615
8605767754
9860124446
9002406111
7350003636
9356724978
9096639368
8767086898
9630048006
8010301334
9096776564
8446211600
9762081845
9604440111
8983477444
9175277374
9021807102
9595069590
7720948304
7083385951
9762617575
9823137706
8459539516
9975203482
9766634614
9970138460
9503005477
9766532299
9766611562
7350776161
9822188579
9545599654
9130496666
9975566823
9112799777
9890715657
8806041136
9420538190
2164225518
9422605269
8010397468
9226786805
9307720714
9765941312
9552834273
7387881399
8956249611
8483967254
9112885555
9823982260
9421127577
7020370470
9699261224
9730787891
9665552211
7420007408
9422469996
8805346257
9823488315
9422469461
9403541124
7972083713
9422186735
9518554614
9822068563
7887742333
9579377737
9370783568
9309103074
9860374536
7758988424
7020915043
8421436524
9209397430
9890255203
8055752228
9325329922
9552576053
9404313438
8446062706
7798982577
8668499210
9422133369
9764097824
9960111661
7387728358
8855825893
9423187934
7249497508
9552935395
8095100796
9818866824
9607592614
7588976930
9373231605
9579727421
8983791571
9822032242
9823846632
7588766631
9422101035
7028906174
9511778030
7977442556
9028818111
7507691870
9970289222
7350076861
8888753310
9657718982
8999732218
7385809054
9975839083
8390615676
9834609982
8237590670
7559139955
8788200877
9373957281
9561993630
9325700758
9960456100
9730004091
9112232211
7387778127
9665007031
8668791680
9082998911
9763850566
8788870813
9673220444
8648900900
7083390408
7879944043
9970589875
8411985029
9850439797
8668611236
8600459443
7498917378
9403082329
8530721207
9405581080
2366269681
8007502251
7030134036
9404577457
8080630301
8390899089
7218395973
8806726037
8087865182
8600596071
9890584709
9673662400
8390958593
7666092665
9970908278
8806629041
7798311565
9325538871
8421727939
9422174828
9890572488
9130794777
8408013333
9422693960
7720802226
9657943292
7507571122
9067442244
8793230301
9552889314
9860514433
9860131714
7038958930
9168400800
9422719399
7387789060
7720017755
9767067100
8208019881
9371272557
9923399116
8149187368
2462359070
8626086626
9922033302
7942725509
8657235235
1145593500
9881020908
9850061162
2462315892
2462233655
8421889025
8067500106
8657036981
7722012371
7038083809
7808712712
9503749159
2271074676
9822554540
8652233684
7978097422
8042783377
7218065550
9922261495
8149479618
7949121728
9022634413
9970390875
9405300249
8888880074
2026440999
9819186318
8767477102
8975002335
9970870098
2024216519
9823277544
9766241741
9321360384
8830063550
2025286080
9922190305
9422304277
8007978080
7720014902
9145107746
9822001692
9049710175
8766619779
9975754588
9673252025
9822009629
7498079442
2024325121
8793174848
9922222223
8484959122
9011036339
9922444444
9049377144
2026386333
7709706663
8065487038
7057056100
9766510061
8575124124
9764869069
9011688811
9371299955
9112294400
9922676455
9075349259
8888203760
9096837519
9588488259
8767609131
9764000883
9172934779
8668362895
8484915113
7790090012
9823188876
2026340726
8484979003
9699083082
7276299292
8830581380
2024487174
9822999124
8605157724
8767783950
9604045060
9579236728
9823094092
8055331986
9890124536
9673470001
9623454050
9960571038
9850296069
8975616161
9850017996
9881062978
8411864646
2243005555
8237609788
7218940437
7276789560
9850783338
7666151932
9594944785
9730517942
9881970045
7057782909
9090309999
9130373463
9637818080
7719030111
8055444888
2026134866
9130098788
2024332689
8329584612
9730479399
8329826102
7775081818
8037016552
8828821122
9821029224
9820685643
2228936070
9930497730
8424007356
9870089733
9869281544
9930147586
2235945702
9819481779
8828058786
9821138448
8291975276
7208030083
9869816602
8291221279
2240055903
9820092402
8425964234
9082654400
8898471871
8080809122
9137140663
8976855206
7039969999
8828583003
8828949690
7977470850
8591188533
9768351759
9819747952
9892932263
9867555414
9594274068
9220743988
7045238377
9769239336
9773207254
9892647212
7977645873
9324188198
9892979374
9422002958
9370147686
7350899947
7028616222
9762847070
9370000146
7976350847
9421947493
9850620903
9420002037
8806613010
8080784072
9096720777
7720082927
8806409191
8554879994
9172915459
9822903414
9075092225
8446886361
7057950045
7744017161
9049621332
7775005656
9890874507
9766334357
9011687254
7263811280
9028827171
2026128821
9970733911
7972761428
9075907522
2029518030
9730023946
2025284301
8380091803
7838269440
9075441223
8796502277
2025535711
9923008087
9922293434
9370759059
8657166943
9370442471
2030252000
9049595592
9850016868
7666105559
9970875720
9970939663
9325683135
9088311000
9822849822
9673718669
9322862232
9960470747
9422069954
9158161313
9420484247
9823283032
9372339712
7588285501
9822431454
9763712424
9604456144
7272999711
9922117262
2025520334
9588419289
2041232975
2024264306
9021738219
9850957290
9604200030
9710905555
9028078601
7620144503
7378911110
9922093900
9822492221
9922000223
9021180371
9172739966
2045033613
9114151617
9923406429
8956070766
8005322612
9960585253
9823731990
9765171171
9921199971
8380095130
8045811554
7276469160
8956084307
9325819498
2041256678
9922141541
7498621873
9273107155
2024470438
7276020758
9822037647
9431880145
7887884454
9421012843
8793324414
9370903381
7721993531
7507909595
8668864475
9637427333
7588902953
8007301002
7251880380
1206824455
9158282323
9763949363
9860082107
9561029158
7720857024
9574276996
8052209149
8308955830
7184252550
7184258550
9359060732
8275402337
9834887044
7020081954
8956361300
9326131348
7020652445
7020056719
7887402085
7770003396
8433858589
9819117441
9822101042
8793759376
9404347199
9321632014
8600885544
9890346102
9421285143
9850538704
8408836434
9922114850
8806078766
9420153434
8459664229
9561245052
7972240845
9422052558
9372702122
7447755119
9423844451
9923525997
9850829999
9822108555
9250885885
9156089490
9359426069
9226198204
8668756440
9673846530
8069831915
9359277514
9890004310
9049715541
9422290472
8668861767
7083232491
9422928353
9420011709
9422947422
9657474597
7020948728
9860906852
7387224024
7776808080
8446201202
9863323334
9767990356
7218286542
7058243470
7770077799
7020939242
9975802653
7975401571
9049729834
9322192188
9422175439
9370646134
9422108975
9923888570
9765738571
9766666447
9763035321
9175765308
8983775024
9604950665
9420690621
9405482823
7499305599
9689990024
9975511565
7709816815
9545678555
9960553090
9823227466
8087153123
9175574616
9405043421
7977066630
8767204405
7875411112
9096861119
9923986423
8788587522
9422932181
9527311155
7709156171
9595095871
8460077734
7058408585
9651551577
8799900519
9422071896
8668384435
8389898951
7020146787
7276757129
9373468566
9075702802
9923471996
7020404518
9309808856
9822249402
8511137575
8888555525
9152000965
8552800999
9823778496
7559123901
7020339243
9604566116
9022758085
9689082898
9890790205
8068932787
9860912100
9623661340
9552528207
9156141035
8062905357
8805024989
8071867112
9325620146
9850018996
7743877348
9767466118
7588234506
8007444900
9421810582
7709292906
9699732644
9527865135
8983368136
7020450565
9834535620
8329002007
7776901668
9146683195
9075016488
7350277007
7755953434
8371002000
7498247874
9359374710
7499632950
9763816000
7774035379
7620725544
8329624041
9657311160
9673187143
8275297009
9623263796
8308032445
8888779599
9284212197
9665153514
9922815977
9545509297
9822046429
9922222362
9797979598
7020205273
7972726328
9823185533
9370864200
8149105505
7447470884
9860757415
9322786043
9403573175
9403230297
9272112004
8830698352
7020182438
9763152452
9372115887
9595955585
9822477719
9225886550
9090771177
9021700901
7385471509
9860101540
9503613890
9422040115
9765125947
7020771339
9156000758
9922144866
7769040506
8788289171
8149686067
9022197670
8879055006
9167550448
9320811312
9920291199
8080696030
9372646258
9594285946
9820802370
7873919747
9324304275
8108084315
9323933971
9082639419
9769047454
7700097627
9653403060
9967092948
8169843417
9326476910
7498630408
7021286757
9022657630
9890860693
8369819110
9930300642
9819384428
9594082434
9167207265
9773536103
9867432259
9892002405
7021216179
9221714605
9167057307
9769692119
9224163619
9004181483
9930935436
8652131379
9892825150
9867985257
9920239773
9987536815
9594237170
9819734541
9920762353
9892005767
9819996988
7715992320
8433784385
8108080405
9987374328
7045959718
9869375032
8369978310
8652087734
8779606413
9004233279
9326162522
9892820619
8850512751
9967935666
7498841403
8898489803
9221237989
8169569471
7039396098
9004706662
9702555715
9004242424
9769708077
9405576744
9158883774
9595233556
8805488300
9822334823
8448843694
7669906486
9613293293
9923755189
9503439375
8657019350
9657711155
9370066100
8605511000
8087606363
9309530260
9822206272
9372286116
9099981341
9421776337
7709441810
8830235713
9172686663
7666334362
7276265565
8329553438
9156025822
9922763989
8329292399
8527566393
8889123457
6572144070
8087115988
9860999809
9307447057
9921984790
9373783561
8492063610
8003099533
8087888317
8329952705
9552801437
6475034889
9028586801
9004002941
7400029990
9579537499
7262000918
7249389697
9359193176
7888077811
8830482169
8005725840
7796611155
8087440004
9309057991
9370790560
9158397940
7499355564
8459436709
9021457567
7276027680
8888882060
9289246569
7387969551
9503857336
9381043545
8767261158
8999141983
7774811998
7276075921
9373700226
8308405445
9372213922
8989822828
9922009667
8056623456
9889294124
9112003774
9168541982
9511898819
9175152534
7666954938
9370356279
9822852472
7276447044
9049874780
9881122424
9028501604
7588016323
8000161161
8422800384
9372727021
9320206598
7718069728
9769603939
9867629226
9833939571
9136695569
9821755178
7409712669
8369078340
8422033030
8369149631
8657242757
9768315195
8754883430
7045503678
9041551177
9175020569
9820099747
8840936665
7992037992
8369449058
7021866948
9619584042
9819969702
9892100046
9359034005
7400057895
9773111787
9930151608
7303028775
7863878697
8591428184
9322289467
8200138855
7045185666
9372017592
8097088676
8291811739
9892124387
9920033260
9998087363
9820774465
9594666601
9820666771
9821616801
9967124821
9920603839
8080996375
9137327070
9022688733
9422401839
9822057918
9881493505
9822209895
9822235495
9921752235
9822971304
7410070647
9960313511
9422503610
9730175976
9372109878
9921439836
7719065117
7676257181
7875203100
9420450526
9881842009
7350506694
9860955026
8668775342
7499163336
9096974447
8208221747
9270207176
8975666111
9372699111
9762407943
8041241019
9373155177
9420676262
7720998289
7588252196
9158458885
9850838766
9881450267
8181915005
9225833417
9850279914
8888541809
9850881696
8888886786
9822027580
9370090508
9822260964
9960739477
9028269697
9284207310
7219037836
9420490558
9503104037
9822442848
8037681144
9370769293
9403383287
9371112255
9561008625
8788644154
9921057453
9921666862
8668778743
9021882240
9175295058
9822980200
9922970667
9922418999
9960901108
9372486621
9920820182
9422067161
9923089381
9372243303
9420743033
9619839495
9373444444
8421664516
9657536055
9359176980
9421757909
9326668989
7057541000
9765545451
8009457171
9923014747
8901585894
9890161515
9890685535
9764553786
7262921711
9372868694
9320286991
9561595940
9371606719
9403430665
9637095999
9325008531
8505058484
9325146262
9921511783
9923315196
7798655220
8062513148
8071370807
8929207417
8882155000
8446988188
8888893524
9730533446
9545533303
8062514819
9096397260
9167230712
7045253169
7045253097
8888891267
9049829784
9850775633
8080562378
9764050116
9325457555
9890908909
9422203610
9168351682
9923344009
9021902157
9881192611
9223253527
9970666767
9860992232
9890509855
8975755292
8600019038
9595126555
8828430772
9372023000
8668477108
8888139931
9881195079
7020846316
9923155578
7666819191
7758904254
8574788888
9823617359
9850018162
9923117117
9823021083
7841877715
8600022142
7875661211
9987414430
7777069293
9892458856
7007888757
9372523237
9987054001
7039306285
8037002331
8037002388
9702312387
9970255783
8369399943
9892418968
8069867553
8291159590
8879990789
9382600537
9869612171
9619531249
8850473081
9130053608
9930707755
8291967225
7700998328
7021843417
9867994468
8850560682
7039313708
9326572844
7208991877
9987972018
8169423965
9326394495
8080990810
8591176863
9372208517
7066577000
8767722559
7039337413
9833547233
9372276413
7021366257
8108632696
8828220187
9769735225
8652735760
9833975984
8591922175
7777081144
7977332046
8850622108
7208075425
9321995794
9890330330
8080986442
9661887783
7249792959
9156093535
9371995649
9763713748
9325537972
9284587645
9579265777
7132232921
8055707090
7021177146
8055069703
8657916516
9822738973
7588003316
9765366335
9767973480
8067518023
6124157874
8669031335
8788903755
9960018255
8482885793
7709186770
7521816747
7498807027
6746746764
9637555637
9730668265
8237108553
9112114440
9767679156
9172159122
9511940235
8390144144
9960910111
7218747901
7232242454
9373936174
9552223372
9356685233
9689198247
9763856955
8999810964
8855993382
9075545542
9730714777
9822468432
7972801871
7499793869
9028370007
9765581172
9970188702
8668448004
8080301112
9022932181
9764248687
9503935678
9545556043
9146565056
9890487264
8983576344
7030706724
8080607112
8698288985
8600534367
9860098359
9665212212
8010573580
8975496979
9527746671
9545789966
9850822628
9028388763
9049107072
9637998806
9405811745
9372767735
9370456760
9766819877
9373918999
8796133757
9028001162
9370030771
7745000030
9326069791
8485819954
8796073073
8983322828
7058582881
9665611156
8983283689
8237534757
8459691834
7385120947
8830066065
9021221618
9175939215
8035469311
7841877714
9028280188
9423160066
8975431212
9263603206
9172579559
9096780764
9421667003
8669663333
9762509651
9325078912
9359226502
9822173824
9225578412
8003526643
9028281121
8605001894
9899228027
9527423003
7798198293
8037727270
9881753952
9822683317
9321151551
9373610051
9373901828
9145804738
9370256888
8035427016
9130725108
9921447749
9370912241
9373902996
9373903153
9175001575
9226922122
7709192098
9595461593
9823198280
9325082324
8623902977
9673124786
9823024168
8087241223
9604230313
8888657680
9404604482
8275590604
9822057665
9766200305
8788748952
8411073232
9422770309
7588306089
8421058441
7776066162
9599505720
9823487878
9423178323
9403688026
9881265664
8007772911
7709016375
9765880209
9960414899
9762259051
9822262108
9823280073
9595311511
7773972197
8956655252
9373929585
9822274684
8600041764
8855828004
9881729359
9767031053
9221307199
9595667797
8329950395
7046407176
9860610401
9081812918
9373836337
8668454437
8600965220
9860359550
9890122357
9371518681
7030440318
9284475989
9890005048
9307732535
9764415262
6351712886
7030747476
9145512091
9923444791
9422251890
9765009794
9689829669
8668523856
9373648372
9860152740
9823816464
8888878336
9325158392
7972184572
9922845783
7972810128
7122766483
9822465961
9323610875
8530740084
9860692000
9372444323
7122683651
9405984422
9326001170
9096345152
9372997377
8451959615
7045614386
9820001640
8898409438
8454001003
7669413735
9821414933
8169606588
8748067067
9177225254
9136490377
9123074815
9769009183
9930319733
9869997501
7977488425
9819655574
9372651720
7039370513
9819413273
8689803191
8655962501
9833650378
9619047247
8002122714
8002102020
7400260003
9892452752
9137954770
9873033604
8080112200
9987922901
9967529177
8001202020
8291899852
9325566777
8591344741
9833880417
9930338118
9664433550
9967431428
7021447456
9136297919
9830009649
9867535027
9082278700
7045454042
8433999789
9773801718
7304503777
9820401284
7400166036
9029006464
7400019222
8030430400
8657202255
7977760218
9930361574
8108405403
8779184272
8108491737
9833380283
9106538788
9082095770
9167224466
8433586182
8788522306
7738959493
9820402468
8045262591
9594319799
7021981452
8169711598
8898059889
8268627890
9619454361
9967805748
7738581860
9004834446
9768507107
8425861616
9321943983
7977146084
7607694583
9867978297
9324369429
9004542428
9130006953
8655848001
9987582792
7045581594
9611292532
9967673344
9324837034
9619911664
9136477352
9004958158
8233083333
9619390370
9326325298
7330876025
9793905429
9833761826
7718843499
8591980907
9930657410
7718073388
8286233204
8779961039
9594944128
9930199100
8976904302
9823599197
9920862056
7666688788
9062626060
8652319191
8692872739
9590555777
9930808259
8104394150
8898117063
8097991666
9969047017
8652106751
9082802608
9820209131
9922118418
9594299792
8169185739
9833765812
9819622626
8898685385
7506732474
9316410334
7666715588
9833263670
8879081073
8169507991
7045654544
8879972206
9372778974
9969214848
7104221983
9850874705
7122767259
7122769752
7122764650
8856066665
7122762026
8390882803
7122750789
7123295625
7126422045
9420569861
7666162003
7122766475
9999811524
9890189236
9326001557
8600788707
8149066128
7796675074
7122760329
9764716815
7972409656
9158784371
9325042003
9767199376
7122764642
7122761104
7122763893
9921716476
9373128934
9096565566
9923239436
9881729361
9764623114
9604625032
7122291515
7123252405
9823198905
9156660748
9370437461
9373104484
9371508446
9881185178
7709043493
8605491800
9325004227
9371322764
7122773031
9099976000
9595547774
7888235884
9923084841
9606489013
8037681305
8888090764
9826077807
9822368704
8208728411
7126618988
7768019967
8037681447
7122772251
9325670515
7058809996
7758898707
7276836906
7028018528
9950533251
9529085091
8669257146
9890147024
9890276259
9822699605
7126515123
7122560575
9372284071
9579174411
8855815052
7304908301
7118238288
9607980008
9370222332
7122769290
7021809097
9889003862
9004760782
8080023795
9819109025
9920350870
8879081668
9967845329
9137903854
9322685780
9565328759
9167595030
9821295802
8037839309
9702424337
9137826564
8433587876
8097344097
9355058242
9987833445
7499977287
8149588700
9323478663
9594540595
9372899610
9833414143
8689966619
9867992857
9819313110
8690340133
8071729150
8828781616
9819609614
9930985279
9326490141
9892000517
8454021238
8422997804
8035469527
7045929618
9930130303
9172094223
9004081347
9930818870
9821688252
9819581108
9167999051
7718044888
9320714181
9594989324
9867559358
7666333015
8433591567
8108160903
9833988987
9833501304
9322656282
9762777273
8796421253
9699764503
9588693723
9623894310
8381053743
8208171196
9922342658
9921158952
8104980878
8116810505
7030627301
9823927205
7798797703
9226913779
8062878214
7823013221
9767793318
7798454598
9270058006
8796701800
9021350811
8956194724
7262990017
8062915490
9969472365
9923733809
9890199306
9820454587
9413677161
8208126096
9823217908
8062703123
9637369696
9673333044
9226283373
7507951040
8796969347
9028771135
9076113737
9870482987
9892413990
8062703293
8652210171
8422922765
8104704295
9172999754
9594600900
9833959412
8850801726
9820092224
9820254561
8291903360
9326123317
8286548060
9987619379
7290096076
8828026262
8652598860
7977637843
9833999982
7340507129
9967791408
9920399074
7738360050
9503187163
9167949242
9892511345
9819371332
9819660616
8356878966
8879845002
7715887016
9867104065
9323905161
7303730323
9137358515
9892727095
7738745715
8108384961
8421839975
8850321995
9833885977
7718018391
8080556600
9820767692
9819060504
9820230922
9137229928
7208458146
7303040855
9869637000
9967781551
8108453300
9769976931
9920382816
9833881349
9324045312
9820878683
9821069999
8355966865
8097909788
9967826780
8446311211
9322310558
7738885511
8169014620
8879922000
8779003451
9768603442
9167036120
7738440096
7977028209
9821592420
8433518843
9967052044
9834405472
9076113716
7400041010
9920190063
9137172928
9833442979
9820522945
7045332641
9820304712
9136707649
9870726781
9819487891
9892743269
9653123582
9324866538
8660272095
7738306798
9322858961
9869577204
9820894025
9820273893
8828379614
9930302098
9819498355
9967067578
9594733553
9869859109
9594555470
8104108741
8898844113
8454956435
9921291229
9284568042
7447475991
7391868761
7822981701
8329784289
7218182624
8983631114
7875644192
9158877174
8329632915
7218706008
9881951697
7276464308
9765943131
9552177164
9422316191
9860227041
9325668941
7399777778
7709315172
9096060606
8149604949
9289729614
8600160321
9763600010
7218967077
7560016001
9372401448
9860262593
9356335001
9422089934
9822264478
9822024623
9096057151
9325103452
9326615550
9372615151
9172323697
9975694635
9146668001
8766093463
9823242652
9156566740
9689622000
9728785000
9034398099
8396047448
7276289005
9960248503
9767721720
7494866603
9404548344
9158707773
9611183013
9326263135
9819583386
9822533577
9822332315
9923889933
9822006933
9404230004
9371712851
9881837777
7276235678
8888962404
9587422233
9766622555
9822093950
9890195656
9890936619
9158141440
9373466573
8087032323
9623343536
9960181891
9021910024
9988776655
8275823103
8624878709
9922600904
9579598013
8485002488
8888918561
8626022827
8822198227
9820910126
7620993792
8554836921
8668741595
9960618933
9892556465
8668326200
8160296244
7498418423
9930374028
8208701655
7998499899
9503722515
7517334455
9834138122
9422935102
9130052347
9820451991
7498944383
9763167111
8380804946
9322227568
7887887997
8459313196
9422707997
9422540104
9338545454
9420655755
9423194444
9822397570
9405893223
9518398192
9764628083
9834767607
9271237316
9988728111
9975433679
8600286762
9518326108
8087152192
9370095956
9422723640
9423660217
9421503924
9403926133
9421143189
9405954729
7057394036
8007525118
9503111449
9272370490
9834575302
8097033220
9820056005
7020427328
9955362674
9822032105
9075647141
9420055250
7020830789
9404762727
7017667590
8237712407
9322369076
9049066649
9768342417
7798799349
8955339036
8788691300
7499100549
8087757760
7040926179
9621739090
9370321219
8208959352
8888388164
8956524612
9860641234
8035469477
7887865552
9767893893
8035469482
9763311534
8087261677
9082553694
7391914535
9172231208
9923401488
9834503075
8691999452
9272512623
7066007628
9175161315
8180944352
8623072919
9028005353
9371237171
7020435556
9890348666
8871249766
8605009113
9850825121
7387682022
9730070070
9371921234
9850862658
9604741437
9503382138
9225400975
7083650270
9881679343
9422336294
8483898287
9764796365
9604301205
9881043606
9922429261
8421333435
9156289147
9373856806
9890046656
7261939494
9822424003
9881588282
9021894598
9767762147
9860863843
7410005363
9822593985
8805378793
9130030054
8796146159
7030912082
9284718314
9552226777
9122093078
9820119227
7900027724
7506651228
8097629444
9987739698
9136377792
8108847000
9833967373
9820820557
8657551861
8655570135
7499053946
8422000052
9769207555
8976185888
7506900549
9967690600
9920962500
8097542272
7021772103
9664281001
8652472472
7208491992
7773998626
7039286691
9664352227
9823537753
8291265521
9637077109
9769992923
9820220183
8779963068
9323882332
7057483149
8828043757
8452933433
8691078556
9773987863
8652613264
9324548935
9820823052
9930600999
8104675168
8879272787
8097850805
9619091535
9930040173
9167046424
8097924815
9022117935
9076227644
8898936559
9833883127
7977828252
9769549259
8097621390
9136821732
7387666411
8169400475
9372269453
7700005225
9833380546
9960276333
9167481998
9372218370
9821387911
9637618189
9152427342
8299096647
9689474147
9987842272
8767202670
7718838808
9022262262
9820973558
9029313050
9130007062
9167537018
8169355458
9011332215
9819588181
8879635051
8983004004
9324567060
9594215466
9320680366
9594973930
9137085694
9004320451
9987960420
7021381868
9892829849
7039350555
9324448916
7208144646
8169362050
9870517030
9226699770
8169747478
9226916739
8805291211
9004532314
8888556010
9136381300
7977217260
9850853148
9515653396
8591120870
7977383069
8104318519
7021277601
7045557021
9867135049
9833858747
9223331555
9987453341
7594002603
7715059798
9833667188
9422761405
9324982496
9324595959
9324163026
8668377403
7559150220
9552023381
9890159605
9082118248
9869645694
8805986631
8087339902
9356446531
9096799633
9960811323
9322157972
9960573125
9175215449
9271510020
8551887234
9823085609
9272309335
9890036696
9890036193
7757070784
9970597872
7410150193
8668713782
8062914085
7757070782
9769063691
7757070765
8788595415
7303757498
7891113330
9892757791
8669663453
8071889775
9324253445
8080072624
9769003630
8070222255
7028235941
8007811732
8080923020
9404567698
9619860181
9222771684
8976836718
7400064280
9766669944
9028616844
8007622890
9890961751
7977588511
9769585860
9082776192
9322925314
9975653361
7718079181
7719809460
9689762561
9923776669
9322829940
9767885992
9011704353
9049539414
9028602283
7071720003
9921635691
9923927937
9517526032
9975027610
9967140010
9922253948
8793310991
8830294729
8793339245
9075113434
9307579553
7977311790
7756084222
7307215584
8779205907
7757061141
8446334669
8007056056
9156760331
7875325499
9984498224
9322000444
9320934056
9175062300
8080825687
8766872702
8655615561
9167746770
7715934697
9823420942
7410013960
9011156676
9160018771
9833922330
8482814566
8669437171
9673745751
9975005910
8530811112
9975577607
9892268983
8888004787
8856882244
9170668489
8045999336
9834423166
8310155645
9511866604
9923530243
7058075217
9834454116
9767895004
9545701713
8275625351
9673544333
9359368385
9901864171
9169162260
9423291043
8138912916
9579679775
9766959765
9552516810
9930343379
9657987078
9860395985
8411836100
9119111511
9922228321
8208270857
9420128431
7387091340
9404913318
8806003050
9922715629
9096590530
9890161931
9960466146
8421989083
8446551222
9890241815
8888289018
7666692007
9421346360
9167373258
7021223719
9325150777
7020328529
7767886561
8087930797
9022881688
8888037837
9225859429
7972884861
9324011704
9225182525
9172545438
9766135119
9022652937
9326164363
9765824400
7498144451
7666283449
9321710979
8149942011
9320776363
7770007964
7977790732
9168904865
9029429515
9321470948
9137359550
8379072106
8097992269
9820022466
9739737528
9833634102
8779034185
9820426525
7507991535
8888990008
7021062143
9168241274
8446101540
7588668840
9004216125
8329205943
7248999073
8169574922
9359140692
8788563853
9960619801
8237222186
9561993678
8421070177
8698003392
8108088404
9702479306
9594326336
9152500604
9833212725
8591520560
9769791372
9205309767
8452096657
9324005357
9322772686
8380987669
9870702778
8433976247
9167940505
9049755172
8879894101
9819420582
6390663976
9594001101
7972523389
9769173048
9029077244
9967377335
9769399952
9224660366
9987315221
9029561614
9702844848
9322008531
9930073123
9322330236
8657872597
9819293941
7208568913
7377374040
9321800601
9892521509
9820099844
7868080786
8062914485
7021752250
8898122582
9833817524
9222634696
8062914503
9699092323
9321879404
9136351853
8062703279
8369641265
9819098875
8879055949
9137986923
7900171405
7039376720
9372266303
9867231215
9082440537
8850243378
9320311441
9619563048
9324341057
8779297600
9372386909
9820977778
8652012801
7738189050
9323796095
7506141828
9228849719
7719815333
8879974596
7715801182
9619172690
8329525971
9860169588
8956562326
8380026555
8668798431
7709566646
8605050032
8421216993
8888550309
8007618187
7276716155
9011012703
7020358911
9822540680
9011096277
9767670438
9422622322
8149747718
8062905976
9823496996
9822770159
6744034620
9881813381
9422935393
7798049888
9403378695
9881077740
9423221877
8002101235
7709456269
9823333330
9529841899
7588642030
8087874397
7770066008
8888411117
9100035793
9422212308
9552786063
9404405152
7020462276
9423883523
9922901822
7066138219
9665588010
8999405107
7045260408
8888808347
9405070910
7016583499
8888719170
9011734376
9325534236
8007360143
8484004256
8550900427
7020808187
9420371600
8855990916
7588832032
9922447266
9028807999
9767666490
9422270294
8007552123
8380077424
9158144937
9168632353
9975995594
9960700324
7030411464
7776000228
7720043535
9421606412
9764004271
9545141800
9574427119
9158216049
9921747807
8793501098
9545625271
6359208180
8806031961
8554982967
7588193210
7758833350
7588808313
9552561915
9921528399
9890211647
8668384313
8368437567
8788483248
9112224071
8459263973
8857006298
9175068923
9422251044
8048054208
9922236099
9371153880
7410597916
8600007270
8975813885
7875999009
9503604246
7387166885
9665174663
9404910948
8600666128
7020449653
7588788518
9373833559
9822265266
8048054377
8048093187
8554998331
8048052832
7620206232
9370307118
9595704095
8087957628
9321736556
9082566478
8104830151
9167943444
9923855387
9028402789
9892910497
9167068074
9833007576
9867938098
9820843000
7718012570
8976399378
8069840380
9558218294
7057577794
7350455010
9370094187
7350571787
7021972696
8446853660
8149702746
9921229129
7030176867
8698461016
9881667452
8999723948
7776802721
9765553922
8551096274
8788639327
7875888001
8879297313
8668606734
9404211281
9552501674
9422233222
9130915602
9021890063
7391933255
7875757610
8956696400
9970330074
9922885779
7758007923
7972505912
8421585960
9119495908
9595966885
8048033459
9226921092
9890866166
9804955955
7218427809
9923936046
8956180133
9823371337
7972282997
9130831152
8591829911
9823455115
9422882780
9028641818
9689127062
9657079888
8047645002
8208302959
9403129979
8013080808
8055505856
9325603499
9272100623
7798573131
7499964796
8766989806
7350505787
7058526018
9665020206
6262555222
7753072967
9684003603
9595011184
7058851258
8623030135
