7700902432
7498069303
9082946043
9527707014
7385197195
8379897987
7410789442
9921619677
8087626509
7020721396
7620548222
9022877398
8766979508
8805734338
8788443234
9021337431
7385065348
9922800719
8485858972
8975892656
9923129195
8071649348
7588370893
7588875903
9673304392
9421089564
8071326835
9422468386
7942728451
9922270923
8087331985
8071326817
2382220722
9049878181
8149702171
9764641464
9028666863
9881850803
7337802364
9822614955
9764299992
8879060749
9685818181
9421364907
9921032914
8766745923
8087422239
8037839451
9822694670
9922737517
9096811357
9423720894
8424819819
9763652075
8888511770
9960667027
9823093910
7262241244
8830058055
9403319668
8600290914
9422180318
9970057220
9096797040
8806089854
7020713609
9022454635
9689330191
8767229709
8483884274
8806905257
9850185140
9922215329
8830996657
7888227117
7972229495
8830916188
9421271925
9403239334
8799902232
9860239630
8459875338
7030765155
7083932432
7709347071
9697701430
7774901225
8081095870
9309823262
9588696002
8830986798
9370388350
9545119224
7058224435
9960452994
8308586073
9370724950
9325549446
8087491676
9423766924
9970774731
7447876255
7776081437
9370325886
9766552064
7869684546
8898503403
2148350000
9594840462
7045336144
2269246500
7400388971
8779102007
9167847920
8602101000
2227457171
9109024791
8867181100
8068172518
9920399334
7626865686
7977424851
8976868346
8369022360
9769506070
9920090552
7021215645
9702887803
8286693660
8082758855
8433552535
9773777750
7350056117
8652712435
7777028999
9870815333
8355892201
9820114737
8169508494
8828823337
9619260006
9969066101
7021239838
7021635349
8286351172
9892805777
9324568953
9004210465
8108012697
9224711999
9112242612
9833351282
8976707535
7666841397
8108831372
9594066363
9892727145
7385530889
8007480074
9421134326
9767777057
8291144643
7506533292
8071331347
8793012103
8828283833
2268381900
9969343832
9892959442
9867386994
2261536700
9820013001
9833503728
8928857352
7039121520
9322291519
9820999886
9870688130
9833060786
8898986730
9167865086
9920100150
9892292555
7232053816
9966963978
2246620881
8097586466
8291151787
2242956000
9619135223
9773527277
9076141786
8369179255
8097522733
2226342326
7977589396
8369665795
7303882923
9821463786
9896827727
8591874231
9870786286
9594613891
8454988785
9819237064
8062913004
9769167340
2266804545
9819387120
8828709945
9987979399
9920160941
9833152986
7417179999
7208527252
8169081086
9214330529
9022233249
9405564424
8149784699
7276041111
9158781420
9561694898
9423123023
8208382817
7588773796
9130093309
9764617101
8037394862
9421694316
9146932022
9029020210
9028172055
9922331565
9371455884
9422220555
9527938280
9322602091
9511765840
9422736514
9423378646
9172658928
9518925335
9823116000
7045663991
9607500044
7972611922
7043408609
9214426566
2141222006
8976627040
8446832635
9689814867
8208095958
7719088877
9422078667
2363275035
7262087131
7774060208
9834202005
7249623156
2363271030
9404939800
9423878115
9373660866
7507307065
9421868084
9118001234
2362223423
2362222401
9364009911
9168201487
9075642537
8177982990
9271145816
2355260200
8624024556
8530460909
9657451218
9284944530
7798761038
7758057873
9823691548
9527693196
9890003440
8983558863
9004209543
8329791448
9222185592
7350006016
8149283428
8421700880
9225327760
9421710196
2228451022
9892292042
9021477904
9850399600
2572225720
7020004180
2367245475
9921791324
7434015555
7796039991
8657513287
8007076042
9403312744
7058732684
9404300768
8888687662
7020677443
8830336505
8421096527
8888820741
7887617190
9423612198
9146990142
9975329777
9370501602
8766904703
9112345526
7350404498
7743983382
9765232000
9359307863
9404889849
8421091439
9890822144
7249010606
9422923079
9822221211
7232244287
9763787868
7499617152
7798555477
9325185971
9834433754
9637333444
9405476454
9090899091
9511714890
9763936393
9011703459
8983710813
8624888892
9527490190
8605013437
9021274972
8446650006
7499772128
9356872814
9763982923
7620582398
8975664084
8830584379
9011490608
7709621017
7397858631
8482976107
9699796322
8169425673
8080503737
7588800021
8007374123
9867738315
8652031954
9767080714
8484815353
9819808364
9823562926
9422798042
9373104142
8262006648
8983646403
9890236231
8380074555
8956770162
9421269827
9422998552
9421145845
7498071365
8554045317
9653660938
7020571360
7378876809
7448002020
8169627296
9422998248
9545998413
8788880560
9420206464
8275366136
9158597966
9423282191
9175406764
7304793255
9689925780
9890709448
9772051575
9890823239
9021260148
8928658161
9284078235
7666911057
8422822043
7020917592
9172467295
8551832626
9422435323
8390002424
2367231388
7070929797
9673419628
8550920762
9112237555
8208813794
7350842111
8380074990
7498239365
7387115571
7972523982
2362228901
9325591788
9167346338
7620112944
9011189905
9356459759
2352221282
7499765402
8830770798
8380093455
7385583253
7773921048
9359587687
9118002700
9321396909
9529492349
2352229517
7276093558
7709798368
9270890690
9518903932
7758837130
9404036688
8766970080
9860009447
9325015554
8432952555
9049911714
7620723658
8999752633
9168096075
7769083121
9552125060
7744051146
8855808245
9096628180
9923164828
7588462213
9422381336
9071348273
9404344434
9730439366
9405765154
7083574221
9137483683
9422357455
9923639279
9421144537
8550920717
9527501067
9766006667
9673964148
9403558123
7039029765
9890830701
8308515776
9403348206
8087855174
9422238308
9404743030
8830782671
8390351212
9422484627
8291602205
9665701199
9834255464
9405747760
8007635087
9970373465
9422584550
8485010898
9021105842
9420258599
9823775111
9422434515
7219816947
8071326849
7030529404
2118266020
9890252312
9607772227
8668952193
9970443424
9423251651
9823031492
8779401499
8087565852
9324077777
9168682255
9422142685
7387871144
9763796456
9422915325
9423765775
9689056056
9623936236
8208553737
8044939040
9673493593
9921508835
9527682266
9422200021
9834699694
9552831132
9881007999
8180067423
7769064991
9764240255
9767426907
9822216804
9158736659
9168494499
9175332399
9423144385
9975492244
9503973367
2224222726
8380888555
9822771653
9096635201
7841944606
9822234676
9960400420
8044939052
7507666113
9326207878
9405943394
9422959613
9423611510
9623666315
8421588012
9503844044
7620431175
7350000233
8668313968
8007468246
8080949941
9923023888
8804494949
9767631680
7767858972
9881238808
8044939050
9284008858
9823926633
9545634009
9607487800
9975056844
9422861313
8390928198
8087478036
7588900088
9112233669
8888855554
8888637202
9834432525
7972055200
9371571511
9529181899
9888470505
8793005143
9529952129
8208358811
9422226534
7709869902
2482236779
2482237904
9637105585
9607693737
9404040603
8669922111
9271476909
8104332114
9284272785
9881370371
9112202086
9822388143
7263951133
7666496576
8080484253
9028590448
7972848570
7058083100
8804428080
7208934174
9168420242
8208706492
2553244076
9004620434
8806665067
7840965499
9689140506
8208396789
8669377234
9822641776
9403498164
7385431585
9270123646
9923663332
9518931219
9325385852
9011601604
9657602020
2114302254
8291572887
9136661220
8788848759
9822571404
8275840041
9067251670
9049524045
8149431234
8177802487
8149802066
2472224425
8010477388
9422464272
7020786107
7030320343
9890023075
9422813299
9767080856
2472222633
2472222445
9604878620
8788515296
9967805736
8208775117
8805933670
7020149659
7821844007
8080203635
9822887877
8421663423
8208899410
8879680424
9028584638
7385101818
9763485454
9822077636
8208415077
8087576747
7385300894
9975648987
9422846556
7972789456
7972417254
9890984041
7972084853
8999759853
9146842314
8454884954
2452228444
9422877595
2452225075
9503031904
2452231110
9371122526
8055550778
9860918425
8308949495
9766264112
8421842557
9156322050
9665409393
8291113299
2141223299
9833139219
2265007003
9421493470
9921223188
7821061609
8421775269
9552006804
9373456899
9823538835
9823154470
8069865821
9860188483
7823899285
8698540424
9322150699
9822785924
9823178999
9921123444
8625936009
9623349680
8934523329
9685935255
7229932000
9769636098
2226733700
9137335321
9372788011
8291235809
2249726161
8382914882
8369740702
2226732841
7506346896
9980655944
9769503204
9619958615
7558658802
8979324100
7899306662
9768748842
8828066570
8850258508
9967800049
7208975360
9082465581
7400462870
9704081113
2267411382
8591885077
7838553736
9004672311
9769920320
9892082432
8104966517
8000593488
8104170208
7403999333
2265855523
8779478388
2226744451
2242645678
9892939970
9821470822
8421177887
8433931197
9920729218
9137295705
7715024672
9372980740
7738926768
8108816678
9552288555
9657993337
7499084399
7507249334
8001235365
8600406440
8857008087
9890892114
8624881612
9309455730
9763386307
7263982940
9823279772
8308959572
9766799131
9890199777
9970444274
9175278278
9511781015
7030736655
7378753645
7744972111
8975034280
9420358483
8007960754
9011326106
9049107894
9420798834
8975686080
7276192410
9423273434
8459570664
7378355312
9075721512
9403786771
9167769672
7378505153
9420935050
9769059290
7414963154
9869194092
9028663269
9324217432
9422576977
8454945494
9823836677
7709994248
9320747798
9823082460
9420424681
9404173198
9967480628
8433695555
9404965605
7028174574
8591196270
7039711155
9594917588
8090105025
7559253066
7755914558
9004693930
9422381796
9421191533
8879875505
9869338434
9860642342
8208392238
9820528163
7385314443
9322771103
9822320558
8879303335
9820564253
9769762323
9158740456
1997576341
7507332288
9619665569
8097541782
7045455511
9689242414
7796150444
9552933876
8268762279
8668590691
8668454432
9326456745
9892072666
9890919101
8275520782
7263255185
8999512136
2512731234
9665000652
7385113560
9970471600
8237244189
7754809381
9833037208
9665561600
8275088707
8048051861
8969201700
7385769737
9422165767
8275036806
7350559001
9850401507
8408937641
8421425624
7232244153
7709847626
7943443840
9975783998
9834686140
8275035359
7588758001
9422162691
7242457772
7242440156
8788540713
9370155150
9004009159
7770031698
9503892483
9999814296
9156924415
8767601271
8149250928
9730753945
9028711941
8087159328
9579915551
7821096438
9423638239
9604072475
7385972465
9011282545
9764971786
9970665604
8888870670
2564222506
9860936035
9637521852
9503420512
8380080058
2562275122
9545298060
9422467346
8929384654
9561589180
9029119023
9867767040
9527806229
9373425511
7020545158
9422217819
9834749490
7774015470
7184256031
9764290686
8898874121
8071648457
7775066668
9503252919
9890296113
9323653746
9922440063
8669130271
8888051109
9422170367
9323686758
9767439032
9323203432
9321688473
7038269090
9673401034
9881813448
8788872772
9637288832
7218026429
8446562148
9922665756
7242410765
8805977423
9226976996
9970315527
7249146019
9422708868
7276747343
9561917792
9373375014
8668811879
9623864584
8805564560
9766890403
7721924392
9763525384
9309125957
9307956760
9356282953
9156911851
9890984719
8600447070
9172060433
7972538865
9209651514
9028055588
8208458843
9175415703
9307018641
9075504877
9764105746
2472222016
8007002699
9850706030
9988340240
9595254367
8530224251
9371725255
8975220049
8208327473
8669300254
8668354245
8888082613
9356300657
9421708712
9860814100
9503481870
8010431368
9767012055
7028277531
2382221181
9820442795
9930706066
9325920702
9767939830
9604518009
9730517171
7499274520
7045055968
9552666502
8432472448
9513170911
9850383497
7252231004
9545503950
7709821945
9130023504
7030363535
9921740773
9581127574
7038033377
9404120665
8459330724
9423447861
9011400478
9850908099
8767089712
8668475232
7058982301
9552295217
7262287286
7262093634
7020564720
9657221122
9850728564
9890652718
7499080084
8308444177
7773993938
7620553445
7024937751
8605506292
7262242915
8261858581
8799838372
8237353356
9158489364
9011090162
8422869941
7035500018
7666492560
7030701121
9011023445
8070056777
7020440544
9422175551
9867330421
7242432880
9820896040
9579419999
9970950942
7770007245
9892478765
9152422072
8850687739
8805000900
9920791595
9004480007
7021196724
9820630697
9819773347
9689688323
9096260809
8898356957
9819404798
9324994678
9594818181
8484003154
9373495585
9326685799
8433907279
9970556900
9699116115
7385053270
7385656104
8691035009
9823982270
9860290736
8356942739
8169119742
7044443050
9136778212
9975668440
9673639989
8459416440
9918082006
9503150981
9619750217
7378674110
9890399746
9082183801
8169854449
9322390500
9175148086
9552683621
7498244110
9075574509
8793774467
9767730064
8329451789
9867020786
7030234643
8795993207
9833533893
8291843666
9322277475
8433333370
7972989140
7718848156
8104771355
7400344061
9004778309
7666777390
9004140069
9372114151
7583888999
2225375045
7887499514
9921285413
7262242423
9822246667
7262243366
8291099061
7262246767
9970702193
9307744609
9040035050
8421198789
9765578888
9260008002
7038872361
9370408922
9405151141
7232241477
7620613499
9527190110
8149476774
9372721112
8010119151
9763788665
7588895500
9960124168
9552225080
8850448915
9527596305
9075007666
9325131644
7745022966
7232243859
9307246939
8888458910
9503396202
8605603902
8600000251
9823563688
7620144001
7249596435
7517022748
7840930101
9326266166
9822908009
7498620225
9922050050
9422193283
7709376133
9921124537
2048555415
9307980134
9823470805
8282898484
8013131888
8501048841
9987263076
7218585000
8369182020
8623834468
9403856044
2452233007
8080848021
8048209740
9527196937
9921535765
8796337767
9860165205
9130429595
8591983361
8779405866
9987225111
9324011274
2249741140
9082542949
9821285328
9820522779
8169615299
8655522634
7301041410
8291451672
8655496615
9324080896
7208371993
9967034394
8108978372
7385242464
6200147998
9702040909
9322832766
8591983363
9321596196
8779394546
2233043500
8275142709
2225522705
9324498299
7045502171
2225564052
9850950077
9137202013
9209295210
2223723296
9322281840
9920371552
2223722628
9175179333
9597233311
8179308127
9833275725
9153534534
2261715151
2241622828
8689996996
8655228747
8446001272
9408783540
7639954333
2025533861
9767998894
9767050531
2312549191
9768301014
9702701444
9014031411
7242433465
7776959170
9167766922
7400082227
7507480604
7038644222
9545908786
8600089934
9422171811
8007514000
7529990909
9765444503
2462240013
9970796477
9890622684
9822291955
9850745554
7057301548
9923070770
9049654737
9765622000
8788983171
9921964140
9561037763
9623219865
9960708930
7276162905
9881513607
9860991220
9011255741
8605025787
2462232940
8055803881
7020898868
9890394456
9396963535
9545049900
8888337317
8275522988
9850071499
8698762221
8411800737
7719819840
9823526650
8928285063
9890912036
9765473237
9923081639
7972230763
9552865592
9890511460
9657163357
9730702942
8888888363
9222299611
8048073668
8380021464
9665124471
7420960533
8888301889
9511698370
9049890099
9284784339
9028459528
9766519238
8433842619
9819559035
8879685207
8080905520
7405234552
8356950628
8591295549
7208898444
7304923314
8879141176
8652300965
7045446060
9920943438
8898992910
9137189375
8149827086
9004582297
9820728388
9152308625
8530016623
9892757584
9370782372
9320073725
9930264296
8879879900
7900118428
9136097134
9152010535
9224259205
9004114222
9833392329
9594757972
7304051600
9833392324
9004155541
9594876155
9823023349
9860817938
7378484801
9511886528
8801515656
7875693975
8975352893
9773874074
7977448603
8740019250
2228835999
9898240577
9967136097
9167998231
8108246346
9867721047
9892242412
2229272497
2223425858
9324093288
9967342470
9769052471
9594670888
9325071081
7666944841
7798889507
9930249706
8037304141
9892284026
9833833827
2224442682
9356806514
7039531003
9321218516
7021615873
9769663043
9821425824
7757867715
7977878261
9702967008
9082292149
8976131421
8898858882
9967607308
9561919258
9167700548
2225035590
9222223069
9833160460
9967477824
7217790683
8898774300
8097717719
9136269668
2228026106
9029993060
2235120758
8080115111
8108882605
9967902800
8828044198
8976804604
9421995482
9326929280
8208325382
9892001947
9324545763
9324204921
7798314516
7977016878
9820973727
9870093688
8104316140
9699969996
9326586884
9870015528
9773289009
9702188472
8097121501
8689862936
9920665439
7666218989
8291477273
9892702279
9726875172
9867443966
7506787104
7710933713
9930961701
9223301205
8884888227
7022114114
8422096806
9323706071
9987189802
9867439734
7800808870
9152818155
9819697526
9892552018
9372805730
9649119190
7304670991
9768342613
9892066046
9869737105
9892608430
9822224229
9422861333
9637713713
8530520160
7798995818
9325836915
9823061150
9960040497
9890916494
9561322132
9766098313
7757016999
8975819953
9423649118
7507764434
8446013404
7212520060
7038421795
9696969986
9975893989
9022166170
9421619200
9764994879
9822092114
8989848910
9850408355
9423187443
9822637861
9028896834
9545656158
9822243399
9823235536
7387737737
9657603913
8087019295
9923377776
9975367595
9822075421
9271711616
9405058241
2412779835
9422220486
7499368306
9890174172
9423793348
9834733796
7887395983
9403378501
9822078502
9112288622
8077125139
9422109540
8805664612
8657777797
9890174040
9823344344
8047636880
7719866877
8042755249
7020793900
9422819020
7774007633
8805006988
8037499838
8999427583
8048034062
9075104364
9075075926
8857977889
9822220699
9422104724
8208284859
7499058513
9326888001
9392035377
9359374532
8055811112
9371317110
8180895765
9890327246
8928624660
9372304091
7122550019
9225212545
9326633330
7020914910
9527442828
9423816241
7066667879
9764411808
8000218885
9371266471
9579126380
9370617678
9326050054
9373125020
8421019184
7387861808
8099555049
9503619000
7788888009
7447331888
8857973092
7720894734
2141295839
9967271104
9833700676
9422375112
8929933106
9699360370
9930146140
8850275917
9967545545
8308848116
7977315017
9987540357
8433804351
9822836575
2143283833
2143253307
9762505353
9967587155
8002706088
9082339447
8291443318
9766389648
9446077950
9607560004
9960862504
8281825516
9867726575
9326186076
9028688577
8983095069
9519524824
9833258456
9892763199
8657878563
8055579965
2242764444
9326167706
8169509709
8108745275
9595889198
9321173184
8433999559
9311880399
8087684869
8976780913
7066315492
9820657675
7700047615
9923823233
8857982588
9834224477
9850638143
9404564042
7719036449
2382255905
2382221670
7023106830
8483834148
2382252517
2382255525
2382226636
8275829393
2382254554
9960592532
9604840644
9404238299
9405776277
7486022899
9209075178
2382256890
7058986786
9545300058
9403934747
7020367577
9028870489
8830181527
8208188774
7770017752
8087760815
7020321741
9665135735
9420394278
8329634749
9021767429
9359007351
8788112348
7875078128
9011659057
7966247269
9860530260
9923096147
9890056099
7774802418
9960404944
9420232956
8380848859
9975127430
7769035022
8605767754
9860124446
9002406111
7350003636
9356724978
9096639368
8767086898
9630048006
8010301334
9096776564
8446211600
9762081845
9604440111
8983477444
9175277374
9021807102
9595069590
7720948304
7083385951
9762617575
9823137706
8459539516
9975203482
9766634614
9970138460
9503005477
9766532299
9766611562
7350776161
9822188579
9545599654
9130496666
9975566823
9112799777
9890715657
8806041136
9420538190
2164225518
9422605269
8010397468
9226786805
9307720714
9765941312
9552834273
7387881399
8956249611
8483967254
9112885555
9823982260
9421127577
7020370470
9699261224
9730787891
9665552211
7420007408
9422469996
8805346257
9823488315
9422469461
9403541124
9420912037
7972083713
9422186735
9518554614
9822068563
7887742333
9579377737
9370783568
9309103074
9860374536
7758988424
7020915043
8421436524
9209397430
9890255203
8055752228
9325329922
9552576053
9404313438
8446062706
7798982577
8668499210
9422133369
9764097824
9960111661
7387728358
8855825893
9423187934
7249497508
9552935395
8095100796
9818866824
9607592614
7588976930
9373231605
9579727421
8983791571
9822032242
9823846632
7588766631
9422101035
7028906174
9511778030
7977442556
9028818111
7507691870
9970289222
7350076861
8888753310
9657718982
8999732218
7385809054
9975839083
8390615676
9834609982
8237590670
7559139955
8788200877
9373957281
9561993630
9325700758
9960456100
9730004091
9112232211
7387778127
9665007031
8668791680
9082998911
9763850566
8788870813
9673220444
8648900900
7083390408
7879944043
9970589875
8411985029
9850439797
8668611236
8600459443
7498917378
9403082329
8530721207
9405581080
2366269681
8007502251
7030134036
9404577457
8080630301
8390899089
7218395973
8806726037
8087865182
8600596071
9730954360
9890584709
9822554540
8652233684
7978097422
8042783377
7218065550
9922261495
8149479618
7949121728
9022634413
9970390875
9405300249
8888880074
2026440999
9819186318
8767477102
8975002335
9970870098
2024216519
9823277544
9766241741
9321360384
8830063550
2025286080
9922190305
9422304277
8007978080
7720014902
9145107746
9822001692
9049710175
8766619779
9975754588
9673252025
9822009629
7498079442
2024325121
8793174848
9922222223
8484959122
9011036339
9922444444
9049377144
2026386333
7709706663
8065487038
7057056100
9766510061
8575124124
9764869069
9011688811
9371299955
9112294400
9922676455
9075349259
8888203760
9096837519
9588488259
8767609131
9764000883
9172934779
8668362895
8484915113
7790090012
9823188876
2026340726
8484979003
9699083082
7276299292
8830581380
2024487174
9822999124
8605157724
8767783950
9604045060
9579236728
9823094092
8055331986
9890124536
9673470001
9623454050
9960571038
9850296069
8975616161
9850017996
9881062978
8411864646
2243005555
8237609788
7218940437
7276789560
9850783338
7666151932
9594944785
9730517942
9881970045
7057782909
9090309999
9130373463
9637818080
7719030111
8055444888
2026134866
9130098788
2024332689
8329584612
9730479399
8329826102
7775081818
8037016552
8828821122
9421947493
9922409101
8408958776
9270391458
8868885488
8668816598
9923524277
7212567307
9321592348
7212663240
8071265275
9579956863
9960745693
9922068689
9028713684
9764064144
7212577265
7030709705
7058595905
9513170554
9588628889
7387077448
7796153626
9112006060
8208211352
8071265277
8605433444
9923114438
9340197285
8625803407
8291354229
9368618886
9890048665
7058965077
9921736587
6366438019
9028382945
8459144630
9890125577
9657195951
9890048667
9823996730
8275149838
8237111555
9171657955
9284143520
9653613524
9423288558
7887351919
8766692827
9595591074
7558525602
8379894520
9309379730
9225716783
8109480664
9421534594
9404069399
9313501009
2564222647
6262848446
7290047000
9922722423
7709083911
8421195499
7448168955
9307182307
8888085144
7709609452
7299421010
9923361175
8805226119
9552229988
8390026700
9960891452
9158147586
8766624388
