7700902432
7498069303
9082946043
9527707014
7385197195
8379897987
7410789442
9921619677
8087626509
7020721396
7620548222
9022877398
8766979508
8805734338
8788443234
9021337431
7385065348
9922800719
8485858972
8975892656
9923129195
8071649348
7588370893
7588875903
9673304392
9421089564
8071326835
9422468386
7942728451
9922270923
8087331985
8071326817
2382220722
9049878181
8149702171
9764641464
9028666863
9881850803
7337802364
9822614955
9764299992
8879060749
9685818181
9421364907
9921032914
8766745923
8087422239
8037839451
9822694670
9922737517
9096811357
9423720894
8424819819
9763652075
8888511770
9960667027
9823093910
7262241244
8830058055
9403319668
8600290914
9422180318
9970057220
9096797040
8806089854
7020713609
9022454635
9689330191
8767229709
8483884274
8806905257
9850185140
9922215329
8830996657
7888227117
7972229495
8830916188
9421271925
9403239334
8799902232
9860239630
8459875338
7030765155
7083932432
7709347071
9697701430
7774901225
8081095870
9309823262
9588696002
8830986798
9370388350
9545119224
7058224435
9960452994
8308586073
9370724950
9325549446
8087491676
9423766924
9970774731
7447876255
7776081437
9370325886
9766552064
7869684546
8898503403
2148350000
9594840462
7045336144
2269246500
7400388971
8779102007
9167847920
8602101000
2227457171
9109024791
8867181100
8068172518
9920399334
7626865686
7977424851
8976868346
8369022360
9769506070
9920090552
7021215645
9702887803
8286693660
8082758855
8433552535
9773777750
7350056117
8652712435
7777028999
9870815333
8355892201
9820114737
8169508494
8828823337
9619260006
9969066101
7021239838
7021635349
8286351172
9892805777
9324568953
9004210465
8108012697
9224711999
9112242612
9833351282
8976707535
7666841397
8108831372
9594066363
9892727145
7385530889
8007480074
9421134326
9767777057
8291144643
7506533292
8071331347
8793012103
8828283833
2268381900
9969343832
9892959442
9867386994
2261536700
9820013001
9833503728
8928857352
7039121520
9322291519
9820999886
9870688130
9833060786
8898986730
9167865086
9920100150
9892292555
7232053816
9966963978
2246620881
8097586466
8291151787
2242956000
9619135223
9773527277
9076141786
8369179255
8097522733
2226342326
7977589396
8369665795
7303882923
9821463786
9896827727
8591874231
9870786286
9594613891
8454988785
9819237064
8062913004
9769167340
2266804545
9819387120
8828709945
9987979399
9920160941
9833152986
7417179999
7208527252
8169081086
9214330529
9022233249
9405564424
8149784699
7276041111
9158781420
9561694898
9423123023
8208382817
7588773796
9130093309
9764617101
8037394862
9421694316
9146932022
9029020210
9028172055
9922331565
9371455884
9422220555
9527938280
9322602091
9511765840
9422736514
9423378646
9172658928
9518925335
8888179617
8090040088
8378895916
7212551105
9423107805
8180892281
7020442063
8007322143
9028395969
8484936037
7498075335
9657969446
8275215606
9175559399
9881101621
8149430477
8766701402
9028735325
9923799048
7242450659
8484939303
9763494899
9923929693
8411036502
7284830196
9325411545
9423450780
9623243844
9423127122
9767280119
9319008673
9921655544
9763030600
9011316754
9422166223
8069865378
9921431888
9595535339
8044939053
9307968210
7232243256
9130880333
9175949571
9763271817
8975056561
9356133201
7888000032
9810379767
8262006648
8180988181
9225327760
9421710196
2228451022
9892292042
9021477904
9850399600
2572225720
7020004180
2367245475
9921791324
7434015555
7796039991
8657513287
8007076042
9403312744
7058732684
9404300768
8888687662
7020677443
8830336505
8421096527
8888820741
7887617190
9423612198
9146990142
9975329777
9370501602
8766904703
9112345526
7350404498
7743983382
9765232000
9359307863
9404889849
8421091439
9890822144
7249010606
9422923079
9822221211
7232244287
9763787868
7499617152
7798555477
9325185971
9834433754
9637333444
9405476454
9090899091
9511714890
9763936393
9011703459
8983710813
8624888892
9527490190
8605013437
9021274972
8446650006
7499772128
9356872814
9763982923
7620582398
8975664084
8830584379
9011490608
7709621017
7397858631
8482976107
9699796322
8169425673
8080503737
7588800021
8007374123
9867738315
8652031954
9767080714
8484815353
9819808364
9823562926
9422798042
9373104142
8983646403
9423765775
9689056056
9623936236
8208553737
8044939040
9673493593
9921508835
9527682266
9422200021
9834699694
9552831132
9881007999
8180067423
7769064991
9764240255
9767426907
9822216804
9158736659
9168494499
9175332399
9423144385
9975492244
9503973367
2224222726
8380888555
9822771653
9096635201
7841944606
9822234676
9960400420
8044939052
7507666113
9326207878
9405943394
9422959613
9423611510
9623666315
8421588012
9503844044
7620431175
7350000233
8668313968
8007468246
8080949941
9923023888
8804494949
9767631680
7767858972
9881238808
8044939050
9922085611
9270507077
8275285568
9028232015
9503408291
7447373449
9172874474
8928894943
9112233669
9527501517
7248908601
7249245665
8069865821
8208539468
9921935010
8069867761
9028869664
8208353347
8275095639
9657487499
9422136899
8047138383
8044939041
7774915355
8668549402
9359967748
8830404916
8149393461
7172277064
9359675068
9975033101
9175518223
7646828175
7499036663
9850651451
9404383100
8275786111
9307741565
7385306949
7559365309
9970111711
8390206808
7020057107
7030497452
9422834929
9834260881
9158185398
2462231617
7875375915
2462250059
9860027944
9422874188
9325594268
9822526562
9420539297
2462243246
9881653731
8668490028
9657602020
2114302254
8291572887
9136661220
8788848759
9822571404
8275840041
9067251670
9049524045
8149431234
8177802487
8149802066
9371571511
2472224425
9665409393
8291113299
2141223299
9833139219
2265007003
9421493470
9921223188
7821061609
8421775269
9552006804
9373456899
9823538835
9823154470
9860188483
9763965358
7020339277
7385100109
9421511861
9881271889
2382299119
9421758156
9503109411
7020337221
9503109421
8044939093
9673811011
8044939113
8149999250
8260575757
9970602990
9322699407
9903042555
9226146256
9764605444
9910925384
2382248508
7588090101
8669448421
2382245929
9421793948
9960015222
8668833408
9893932693
9422642001
8600869123
7020189824
9028515086
9511785038
7378753645
7744972111
8975034280
9420358483
8007960754
9011326106
9049107894
9420798834
8975686080
7276192410
9423273434
8459570664
7378355312
9075721512
9403786771
9167769672
7378505153
9420935050
9769059290
7414963154
9869194092
9028663269
9324217432
9422576977
8454945494
9823836677
7709994248
9320747798
9823082460
9420424681
9404173198
9967480628
8433695555
9404965605
7028174574
8591196270
7039711155
9594917588
8090105025
7559253066
7755914558
9004693930
9422381796
9421191533
8879875505
9869338434
9860642342
8208392238
9820528163
7385314443
9322771103
9822320558
8879303335
9820564253
9769762323
9158740456
1997576341
7507332288
9619665569
8097541782
7045455511
9689242414
7796150444
9552933876
8268762279
8668590691
8668454432
9326456745
9892072666
9890919101
8275520782
7263255185
8999512136
2512731234
9665000652
7385113560
9970471600
8237244189
7754809381
9833037208
9665561600
8275088707
8048051861
8969201700
7385769737
9422165767
8275036806
7350559001
9850401507
8408937641
8421425624
7232244153
7709847626
7943443840
9975783998
9834686140
8275035359
7588758001
9422162691
7242457772
7242440156
8788540713
9370155150
9004009159
7770031698
9503892483
9999814296
9156924415
8767601271
8149250928
9730753945
9028711941
8087159328
9579915551
7821096438
9423638239
9604072475
7385972465
9011282545
9764971786
9970665604
8888870670
2564222506
9860936035
9637521852
9503420512
8380080058
2562275122
9545298060
9422467346
8929384654
9561589180
9029119023
9867767040
9527806229
9373425511
7020545158
9422217819
9834749490
7774015470
7184256031
9764290686
8898874121
8071648457
7775066668
9503252919
9890296113
9323653746
9922440063
8669130271
8888051109
9422170367
9323686758
9767439032
9323203432
9321688473
7038269090
9673401034
9881813448
8788872772
9637288832
7218026429
8446562148
9922665756
7242410765
8805977423
9226976996
9970315527
7249146019
9422708868
7276747343
9561917792
9373375014
8668811879
9623864584
8805564560
9766890403
7721924392
9763525384
9309125957
9307956760
9356282953
9156911851
9890984719
8600447070
9172060433
7972538865
9209651514
9028055588
8208458843
9175415703
9307018641
9075504877
9764105746
2472222016
8007002699
9850706030
9988340240
9595254367
8530224251
9371725255
8975220049
8208327473
8669300254
8668354245
8888082613
9356300657
9421708712
9860814100
9503481870
8010431368
9767012055
7028277531
2382221181
9820442795
9930706066
9325920702
9145559760
9822004323
7755995990
9743646601
9422628121
9307170421
7588548772
9403765835
9762826616
2141221477
8149421525
9152165351
8872400624
8587001628
7039785352
9653298375
9372704144
9271777774
9270787761
9850100720
9768554084
